sem5/geodane/nmtwroc/73679_1014208_M-33-35-C-a-3-4.asc
ncols         450
nrows         475
xllcenter     362150
yllcenter     359180
cellsize      5
nodata_value  -9999
[rows 288 to 319 of 475, columns 355 to 425 of 450]
120.93 120.89 120.77 120.76 120.92 120.77 120.74 120.72 120.79 120.79 120.81 120.77 120.92 120.88 120.77 120.85 120.95 120.89 120.88 121.38 120.97 120.75 120.93 120.90 120.91 120.95 121.04 120.63 120.90 120.67 120.55 120.88 120.83 121.10 120.77 120.83 120.83 120.87 120.83 120.73 121.67 121.52 121.53 121.43 121.26 121.38 121.39 121.42 121.40 121.29 121.17 121.17 121.33 121.70 121.59 121.79 121.71 121.79 117.35 117.33 117.34 117.34 116.64 116.64 116.64 116.34 116.87 116.83 116.86 116.54 116.53
120.78 120.90 120.93 120.83 120.78 120.69 120.77 120.72 120.78 120.81 120.82 120.84 120.76 120.91 120.84 120.75 120.79 120.96 120.88 120.83 121.12 120.89 121.06 120.88 120.86 120.88 120.92 121.39 120.82 120.69 120.69 120.92 120.83 120.94 120.75 120.83 120.85 120.82 120.82 120.73 121.31 121.25 121.51 121.31 121.37 121.36 121.39 121.40 121.43 121.31 121.20 121.19 121.40 121.47 121.60 122.18 121.71 121.74 118.32 117.48 117.09 117.20 117.02 116.86 116.94 116.89 116.88 116.86 116.85 116.85 116.60
120.75 120.75 120.84 120.91 120.81 120.83 120.75 120.81 120.73 120.81 120.83 120.85 120.76 120.77 120.91 120.89 120.72 120.87 120.93 120.90 120.83 121.05 120.72 121.02 120.78 121.14 120.92 121.13 120.66 121.37 120.66 120.66 120.85 120.82 120.92 120.91 120.81 120.78 120.79 120.69 120.85 121.09 121.45 120.97 121.25 121.42 121.39 121.39 121.40 121.23 121.14 121.24 121.51 121.59 121.65 121.75 121.69 121.74 121.70 121.65 120.01 119.63 117.04 116.91 116.92 116.89 116.89 116.89 116.89 116.90 116.86
120.80 120.77 120.80 120.77 120.91 120.64 120.82 120.75 120.76 120.77 120.81 120.83 120.82 120.80 120.78 120.86 120.90 120.72 120.91 120.92 120.89 120.79 120.86 120.65 120.79 120.71 120.79 121.09 120.90 120.98 121.03 120.63 120.84 120.94 120.89 120.72 121.10 120.94 120.81 120.74 120.80 120.99 120.71 120.83 121.09 121.33 121.41 121.38 121.33 121.19 121.09 121.34 121.48 121.52 121.65 121.64 121.71 121.88 121.63 121.59 121.50 121.33 120.76 120.43 120.55 120.56 120.47 116.87 116.93 116.89 116.92
120.89 120.73 120.77 120.88 120.75 120.94 120.73 120.77 120.76 120.77 120.78 120.76 120.82 120.82 120.82 120.82 120.82 120.77 120.71 120.90 120.99 120.83 120.81 120.85 120.65 120.70 120.91 120.85 121.26 120.63 121.97 120.71 121.00 121.19 121.33 120.73 121.07 120.88 120.78 120.72 120.76 120.77 120.88 120.96 121.05 121.18 121.42 121.41 121.23 121.12 121.09 121.52 121.71 121.87 121.52 121.71 121.63 121.78 121.31 121.45 121.42 121.37 121.35 121.32 121.39 121.33 121.28 121.08 117.49 116.91 116.88
120.88 120.88 120.72 120.73 120.72 120.73 120.83 120.94 120.82 120.77 120.72 120.72 120.76 120.82 120.85 120.76 120.84 120.82 120.79 120.78 120.95 120.92 120.81 120.87 120.91 120.68 120.72 120.78 120.81 121.49 120.84 121.07 120.96 121.38 121.30 121.06 120.79 120.95 120.70 120.65 120.74 120.88 121.01 121.09 121.18 121.26 121.35 121.30 121.17 121.03 121.10 121.37 121.62 121.85 121.91 121.68 121.69 121.29 121.28 121.30 121.24 121.27 121.21 121.25 121.35 121.23 121.19 120.99 120.34 116.90 116.93
120.88 120.80 120.88 120.78 120.75 120.61 120.75 120.87 120.92 120.81 120.81 120.72 120.63 120.77 120.85 120.83 120.74 120.81 120.82 120.81 120.77 120.99 120.88 120.81 120.85 120.89 120.73 120.72 120.69 121.55 120.71 121.68 120.82 121.36 121.25 121.17 120.61 120.92 120.81 120.59 120.72 120.87 121.01 121.06 121.11 121.16 121.20 121.19 121.14 120.93 121.09 121.19 121.44 121.74 121.78 121.67 121.79 121.40 121.41 121.31 121.21 121.22 121.19 121.13 121.23 121.23 121.21 121.07 120.96 119.84 116.93
120.89 120.85 120.82 120.85 120.72 120.78 120.58 120.79 120.75 120.87 120.71 120.77 120.74 120.66 120.75 120.77 120.79 120.79 120.83 120.80 120.82 120.85 120.90 120.83 120.82 120.89 120.90 120.72 120.73 120.87 121.40 120.69 121.81 120.95 121.43 121.13 120.98 120.83 120.85 120.63 120.68 120.86 121.09 121.07 121.10 121.09 121.14 121.15 121.10 121.06 121.08 121.14 121.48 121.81 121.73 121.74 121.90 121.33 121.20 121.31 121.29 121.23 121.18 121.10 121.18 121.22 121.19 121.14 121.08 120.99 116.86
121.02 120.85 120.84 120.89 120.87 120.72 120.76 120.57 120.76 120.72 120.92 120.65 120.73 120.68 120.67 120.79 120.81 120.78 120.74 120.88 120.81 120.79 120.88 120.91 120.87 120.82 120.88 120.87 120.80 120.76 120.79 120.87 120.96 121.21 121.07 121.22 121.14 120.64 121.09 120.70 120.68 120.82 120.90 121.05 121.06 120.96 121.07 121.13 121.13 121.01 121.05 121.20 121.64 122.00 122.45 121.80 121.30 121.36 121.38 121.32 121.27 121.21 121.16 121.10 121.00 121.20 121.20 121.15 121.09 121.11 121.11
120.89 120.90 120.87 120.92 120.90 120.86 120.85 120.74 120.57 120.70 120.70 120.91 120.87 120.71 120.67 120.71 120.78 120.79 120.80 120.69 120.83 120.82 120.84 120.87 120.88 120.80 120.82 120.87 120.87 120.76 120.82 121.18 120.62 121.54 120.80 121.08 121.25 121.21 120.95 120.91 120.63 120.78 120.92 120.93 120.95 121.02 121.07 121.04 121.01 120.97 121.04 121.27 121.62 121.86 122.90 121.72 121.43 121.41 121.36 121.30 121.25 121.19 121.14 121.08 120.92 121.18 121.19 121.16 121.10 121.02 121.11
120.88 121.07 120.94 120.86 120.92 120.91 120.93 120.84 120.72 120.67 120.60 120.70 120.81 120.89 120.73 120.70 120.76 120.81 120.79 120.80 120.67 120.80 120.78 120.78 120.88 120.84 120.82 120.87 120.84 120.85 120.77 120.93 120.94 120.63 121.05 120.81 121.20 121.14 120.81 121.06 120.80 120.78 120.89 120.81 120.97 121.01 121.02 120.97 120.88 120.92 120.96 121.16 121.62 121.40 121.79 121.63 121.36 121.28 121.34 121.28 121.23 121.17 121.12 121.06 120.86 121.18 121.17 121.17 121.13 121.01 121.05
120.77 121.02 120.95 120.84 120.96 120.90 120.89 120.84 120.81 120.75 120.81 120.61 120.70 120.82 120.89 120.76 120.78 120.67 120.78 120.82 120.82 120.73 120.78 120.77 120.81 120.94 120.91 120.86 120.87 120.85 120.87 120.76 120.79 120.97 120.73 120.99 121.10 121.24 121.36 121.02 120.98 120.77 120.83 120.87 120.92 121.00 120.99 120.91 120.83 120.88 120.93 121.03 121.35 120.18 120.15 120.25 120.86 121.24 121.24 121.26 121.21 121.15 121.10 121.04 120.78 120.86 121.14 121.16 121.18 120.94 120.92
120.77 120.72 120.79 120.96 120.81 120.93 120.91 120.84 120.84 120.83 120.70 120.73 120.53 120.70 120.74 120.89 120.72 120.79 120.73 120.75 120.79 120.83 120.78 120.78 120.81 120.87 120.90 120.80 120.84 120.90 120.81 120.87 120.68 120.75 120.74 120.67 120.97 121.41 121.45 120.88 121.03 120.82 120.78 120.88 120.91 120.97 121.06 120.87 120.82 120.83 120.93 121.04 121.28 120.63 120.15 120.66 120.16 120.45 121.09 121.26 121.12 121.13 121.08 121.02 120.74 120.69 121.16 121.11 121.14 120.99 120.87
120.87 120.80 120.69 120.73 120.97 120.95 120.87 120.90 120.83 120.88 120.86 120.61 120.69 120.53 120.69 120.70 120.87 120.67 120.72 120.79 120.80 120.77 120.83 120.76 120.86 120.81 120.90 120.84 120.80 120.81 120.87 120.82 120.89 120.85 120.62 120.65 120.86 121.71 121.55 121.21 120.90 121.10 120.78 120.90 121.08 121.09 121.09 120.88 120.85 120.85 120.94 120.96 121.29 121.50 121.29 121.11 120.74 120.28 120.09 120.89 121.32 121.11 121.06 121.01 120.78 120.61 120.67 121.14 120.91 120.98 121.26
120.94 120.89 120.77 120.71 120.77 121.02 120.99 121.01 120.90 120.93 120.92 120.80 120.80 120.71 120.55 120.86 120.68 120.78 120.86 120.75 120.73 120.81 120.81 120.82 120.82 120.86 120.77 120.90 120.85 120.84 120.76 120.97 120.84 120.92 121.04 120.78 120.55 120.95 121.55 121.30 121.46 120.99 120.82 120.77 121.07 121.08 121.09 121.05 120.92 120.86 120.87 120.95 121.40 121.45 121.40 121.17 120.90 120.73 120.38 119.99 120.38 121.12 121.17 120.97 120.82 120.71 121.00 120.88 121.05 121.44 121.31
120.90 120.89 120.85 120.93 120.76 120.75 121.08 120.94 120.87 120.98 120.89 120.87 120.81 120.83 120.72 120.68 120.67 120.69 120.79 120.90 120.71 120.76 120.75 120.78 120.80 120.79 120.71 120.83 120.89 120.80 120.91 120.86 120.86 120.81 120.94 120.97 120.66 120.51 121.22 121.56 121.22 120.88 120.85 120.75 120.99 121.09 121.00 121.01 120.92 120.83 120.85 120.94 121.39 121.30 121.37 121.32 121.05 120.77 120.50 120.34 120.05 119.88 120.92 121.22 120.84 120.78 120.83 120.99 121.38 121.35 121.13
120.89 120.90 120.91 120.89 120.96 120.76 120.65 120.99 120.94 120.87 121.03 120.84 120.85 120.82 120.81 120.70 120.66 120.53 120.72 120.74 120.87 120.71 120.73 120.85 120.73 120.79 120.82 120.70 120.84 120.86 120.78 120.83 120.84 120.85 120.80 120.92 120.91 120.64 120.50 121.44 121.39 121.33 120.95 120.71 120.76 121.03 121.10 121.01 120.95 120.78 120.82 120.95 121.16 121.22 121.19 121.47 121.19 120.92 120.65 120.38 120.10 119.96 119.83 120.84 120.96 120.83 121.04 121.35 121.35 121.17 121.10
120.97 120.95 120.95 120.87 120.89 120.91 120.83 120.76 120.82 120.98 120.84 120.89 120.90 120.83 120.85 120.81 120.66 120.70 120.51 120.71 120.74 120.85 120.53 120.68 120.65 120.72 120.79 120.81 120.69 120.83 120.84 120.80 120.86 120.78 120.81 120.78 120.89 120.96 120.63 120.59 121.47 121.37 121.18 120.93 120.74 120.78 121.06 121.00 120.97 120.86 120.81 121.10 121.09 121.24 121.19 121.41 121.12 120.96 120.80 120.65 120.49 120.34 120.41 120.87 120.89 120.97 121.26 121.25 121.16 121.13 121.16
120.96 120.97 120.87 120.85 120.83 120.88 120.88 120.83 120.80 120.71 120.93 120.85 120.89 120.84 120.86 120.86 120.82 120.78 120.68 120.59 120.71 120.66 120.85 120.73 120.70 120.63 120.76 120.74 120.83 120.74 120.81 120.83 120.82 120.89 120.84 120.76 120.84 120.94 120.87 120.73 120.56 122.00 121.51 120.89 120.75 120.70 120.89 120.95 121.05 121.03 120.87 121.09 121.10 121.05 121.32 121.20 121.22 121.33 121.30 121.39 121.30 121.37 120.90 120.82 120.50 121.34 121.31 121.09 121.04 121.16 121.33
120.86 121.03 120.94 120.88 120.86 120.83 120.81 120.84 120.84 120.79 120.68 120.92 120.99 120.82 120.86 120.79 120.81 120.84 120.82 120.65 120.57 120.62 120.67 120.88 120.83 120.74 120.70 120.73 120.79 120.81 120.74 120.83 120.82 120.74 120.89 120.83 120.78 120.83 120.87 120.92 120.62 120.65 121.70 121.66 120.94 120.83 120.70 121.02 121.00 120.92 120.89 120.86 121.13 121.02 120.87 121.16 121.31 121.51 121.46 121.37 121.00 120.89 120.82 121.26 121.23 121.30 121.15 121.15 121.21 121.28 121.33
120.79 120.92 120.93 120.96 120.86 120.86 120.87 120.77 120.83 120.83 120.79 120.70 120.95 120.89 120.73 120.93 120.86 120.90 120.76 120.86 120.66 120.66 120.70 120.74 120.87 120.84 120.74 120.74 120.71 120.82 120.75 120.69 120.83 120.77 120.82 120.82 120.85 120.79 120.83 120.92 120.89 120.62 120.89 121.81 120.92 120.83 120.73 120.86 120.91 120.84 120.85 120.80 121.05 120.94 120.77 120.90 121.13 121.17 121.11 121.13 121.00 121.00 121.33 121.22 121.20 121.16 121.20 121.31 121.35 121.31 121.44
120.86 120.75 120.78 120.89 120.85 120.88 120.88 120.85 120.79 120.82 120.87 120.70 120.74 120.74 120.89 120.78 120.99 120.84 120.79 120.77 120.79 120.69 120.67 120.68 120.80 120.79 120.85 120.70 120.76 120.71 120.74 120.75 120.67 120.80 120.78 120.78 120.86 120.84 120.79 120.83 120.81 120.88 120.58 120.88 121.27 121.04 120.77 120.76 120.76 120.75 120.89 120.79 120.89 120.87 120.87 120.81 121.10 121.02 120.99 121.00 121.07 121.25 121.32 121.19 121.22 121.27 121.27 121.37 121.39 121.45 121.41
120.70 120.97 120.83 120.65 120.82 120.87 120.88 120.85 120.88 120.79 120.74 120.81 120.82 120.76 120.73 120.76 120.73 120.83 120.88 120.84 120.82 120.82 120.62 120.65 120.69 120.75 120.68 120.82 120.59 120.68 120.55 120.59 120.74 120.69 120.77 120.83 120.82 120.84 120.88 120.68 120.85 120.92 120.87 120.74 120.78 121.40 120.97 120.76 120.80 120.87 120.78 120.84 120.80 120.93 120.89 120.86 120.95 121.00 121.04 121.04 121.22 121.34 121.27 121.24 121.15 121.23 121.37 121.44 121.46 121.48 121.57
120.73 120.68 120.91 120.79 120.74 120.82 120.80 120.86 120.86 120.78 120.89 120.77 120.84 120.80 120.80 120.65 120.67 120.87 120.79 120.89 120.84 120.82 120.83 120.72 120.64 120.62 120.67 120.72 120.87 120.82 120.71 120.60 121.00 120.82 120.71 120.77 120.77 120.83 120.83 120.87 120.76 120.85 120.84 120.82 120.83 120.70 121.14 121.00 120.87 120.74 120.68 120.74 120.73 120.78 120.94 120.82 120.76 120.81 121.00 121.25 121.26 121.23 121.36 121.26 121.15 121.23 121.20 121.29 121.49 121.51 121.43
120.98 120.68 120.67 120.82 120.80 120.74 120.72 120.78 120.80 120.87 120.80 120.80 120.73 120.79 120.79 120.79 120.69 120.74 120.93 120.83 120.85 120.80 120.82 120.73 120.79 120.65 120.55 120.70 120.71 120.85 120.85 120.70 120.75 121.01 120.80 120.67 120.73 120.82 120.90 120.81 120.88 120.76 120.82 120.79 120.86 120.85 120.69 121.05 121.00 120.80 120.69 120.70 120.77 120.75 120.91 120.72 120.80 120.75 120.74 121.28 121.23 121.24 121.33 121.21 121.23 121.27 121.13 121.12 121.37 121.29 121.42
121.08 121.06 120.86 120.75 120.88 120.78 120.72 120.74 120.82 120.77 120.88 120.88 120.86 120.88 120.74 120.77 120.81 120.76 120.70 120.74 120.84 120.91 120.80 120.77 120.73 120.85 120.67 120.69 120.70 120.73 120.79 120.86 120.74 120.75 121.34 120.81 120.73 120.68 120.80 120.87 120.82 120.86 120.76 120.84 120.80 120.85 120.87 120.75 120.89 120.92 120.72 120.68 120.71 120.72 120.74 120.80 120.81 120.79 120.89 120.77 121.25 121.28 121.36 121.29 121.24 121.20 121.21 121.12 121.20 121.32 121.49
121.11 120.85 120.90 121.07 120.71 120.95 120.84 120.76 120.76 120.79 120.80 120.87 120.86 120.82 120.80 120.69 120.85 120.82 120.79 120.75 120.66 120.96 121.07 120.88 120.87 120.83 120.80 120.59 120.64 120.66 120.74 120.75 120.84 120.66 120.73 120.79 120.81 120.81 120.69 120.84 120.87 120.75 120.78 120.85 120.86 120.78 120.85 120.90 120.68 120.80 121.02 120.67 120.67 120.73 120.70 120.78 120.83 120.84 120.79 120.73 121.32 121.25 121.28 121.29 121.26 121.37 121.37 121.08 121.18 121.33 121.55
121.10 121.05 121.01 120.82 120.89 120.77 120.73 120.89 120.81 120.77 120.77 120.78 120.83 120.84 120.82 120.75 120.78 120.82 120.84 120.74 120.74 120.74 120.92 121.21 120.84 120.81 120.75 120.84 120.59 120.67 120.68 120.75 120.72 120.85 120.69 120.70 120.64 120.79 120.80 120.71 120.81 120.76 120.76 120.89 120.85 120.90 120.73 120.94 120.90 120.66 120.95 121.09 120.70 120.66 120.72 120.70 120.83 120.82 120.84 120.74 120.70 121.34 121.27 121.26 121.32 121.56 121.16 121.01 121.15 121.36 121.42
120.86 121.16 121.19 121.01 121.04 120.82 120.77 120.65 120.83 120.93 120.83 120.74 120.83 120.88 120.76 120.80 120.79 120.69 120.72 120.89 120.78 120.82 120.73 120.90 121.13 120.86 120.83 120.78 120.83 120.79 120.61 120.66 120.73 120.70 120.83 120.82 120.70 120.68 120.82 120.77 120.66 120.85 120.81 120.76 120.85 120.83 120.81 120.77 120.89 120.86 120.64 120.73 121.00 120.77 120.68 120.70 120.71 120.85 120.86 120.78 120.65 120.73 121.25 121.26 121.13 121.24 121.24 120.90 121.00 121.17 121.20
120.96 120.95 121.33 121.01 121.15 121.04 120.83 120.79 120.84 120.79 121.01 120.84 120.74 120.79 120.73 120.79 120.80 120.71 120.73 120.70 120.88 120.79 120.72 120.77 120.68 120.98 120.91 120.84 120.81 120.75 120.81 120.63 120.74 120.70 120.67 120.82 120.84 120.72 120.73 120.83 120.74 120.76 120.84 120.78 120.75 120.87 120.83 120.78 120.82 120.89 120.95 120.69 120.72 121.07 120.76 120.66 120.75 120.80 120.84 120.78 120.79 120.78 121.10 120.66 121.11 121.54 121.08 121.08 120.84 120.93 120.96
121.04 120.87 120.81 120.84 119.65 119.59 119.85 121.14 120.82 120.77 120.81 121.81 121.35 120.72 120.73 120.79 120.72 120.68 120.76 120.77 120.76 120.78 120.83 120.73 120.73 120.72 120.91 120.89 120.82 120.81 120.73 120.78 120.65 120.70 120.67 120.49 120.77 120.82 120.70 120.75 120.84 120.71 120.75 120.83 120.79 120.78 120.77 120.81 120.72 120.81 120.85 120.91 120.81 120.74 120.99 120.74 120.78 120.72 120.79 120.81 120.83 120.75 120.70 120.74 120.75 121.53 120.94 121.07 120.71 120.70 120.73
121.02 121.04 120.97 119.76 119.79 119.53 119.64 121.02 121.32 120.81 120.75 120.82 120.95 121.47 120.74 120.76 120.84 120.69 120.69 120.80 120.77 120.76 120.73 120.87 120.83 120.77 120.74 120.76 120.92 120.87 120.87 120.84 120.81 120.72 120.68 120.64 120.74 120.70 120.83 120.67 120.70 120.75 120.78 120.86 120.89 120.74 120.76 120.80 120.79 120.74 120.83 120.76 120.87 121.01 120.66 120.97 120.70 120.68 120.72 120.95 120.78 120.76 120.75 120.60 120.64 120.89 121.06 121.01 121.04 120.58 120.63
