sem5/geodane/nmtwroc/73679_1014207_M-33-35-C-a-3-3.asc
ncols         450
nrows         475
xllcenter     359965
yllcenter     359240
cellsize      5
nodata_value  -9999
[rows 352 to 383 of 475, columns 0 to 70 of 450]
-9999 -9999 -9999 123.23 123.24 123.28 123.37 123.38 123.36 123.28 123.18 123.12 123.14 123.18 123.20 123.22 123.24 123.25 123.28 123.40 123.53 123.67 123.97 124.04 124.09 124.15 124.13 124.24 124.29 124.34 124.71 125.08 125.24 125.29 125.35 125.33 125.36 125.37 125.38 125.44 125.60 125.67 125.56 125.55 125.62 125.70 125.73 125.78 125.87 126.05 126.10 126.17 126.20 126.23 126.28 126.26 126.23 126.28 126.31 126.37 126.29 126.28 126.08 126.11 126.07 126.11 126.10 126.35 126.34 126.34 126.30
-9999 -9999 -9999 123.24 123.28 123.36 123.39 123.36 123.31 123.28 123.21 123.14 123.10 123.06 123.16 123.22 123.29 123.29 123.33 123.32 123.39 123.50 123.61 123.76 124.03 124.11 124.14 124.20 124.26 124.47 124.83 125.16 125.36 125.37 125.30 124.69 125.04 125.39 125.46 125.71 125.80 125.46 125.44 125.67 125.65 125.61 125.56 125.58 125.65 125.74 125.78 126.04 126.10 126.11 126.10 126.25 126.28 126.28 126.32 126.33 126.33 126.34 126.28 126.24 126.07 126.03 126.01 126.07 126.11 126.23 126.33
-9999 -9999 -9999 123.25 123.32 123.36 123.39 123.35 123.28 123.25 123.22 123.18 123.17 123.15 123.14 123.16 123.25 123.32 123.39 123.43 123.44 123.43 123.51 123.66 123.74 123.89 124.09 124.17 124.23 124.54 124.88 125.21 125.36 125.22 124.48 124.09 124.23 124.46 125.37 125.69 125.82 125.00 125.04 125.28 125.55 125.57 125.46 125.46 125.50 125.60 125.67 125.74 125.79 125.99 126.13 126.17 126.26 126.24 126.30 126.31 126.29 126.28 126.32 126.25 126.26 126.22 126.09 125.99 125.97 125.99 126.06
-9999 -9999 -9999 123.28 123.31 123.40 123.42 123.35 123.30 123.22 123.12 123.09 123.13 123.18 123.22 123.23 123.27 123.30 123.38 123.44 123.53 123.55 123.61 123.57 123.64 123.78 123.89 124.06 124.13 124.47 124.88 125.23 125.28 124.37 124.07 123.99 124.07 124.07 124.25 124.68 125.46 124.40 124.67 124.84 125.02 125.28 125.39 125.41 125.39 125.47 125.52 125.57 125.66 125.70 125.80 126.08 126.38 126.07 126.28 126.28 126.31 126.23 126.26 126.22 126.26 126.38 126.31 126.15 126.04 125.93 125.89
-9999 -9999 123.29 123.35 123.37 123.36 123.36 123.32 123.26 123.20 123.15 123.09 123.10 123.16 123.21 123.25 123.33 123.36 123.38 123.39 123.47 123.56 123.63 123.68 123.70 123.72 123.75 123.89 124.02 124.53 125.12 125.30 125.13 124.23 123.83 123.93 123.95 123.99 124.10 124.11 124.15 124.15 124.48 124.50 124.97 125.30 124.25 125.33 125.39 125.39 125.43 125.44 125.47 125.49 125.61 125.69 125.81 125.90 126.12 126.26 126.14 126.17 126.21 126.26 126.33 126.39 126.38 126.34 126.24 126.10 125.98
-9999 -9999 123.27 123.34 123.41 123.38 123.33 123.27 123.17 123.14 123.05 123.16 123.17 123.18 123.20 123.25 123.33 123.40 123.45 123.45 123.47 123.50 123.60 123.72 123.79 123.79 123.81 123.90 124.20 124.78 125.17 125.33 124.36 123.93 122.92 122.41 123.29 123.93 124.04 124.05 124.07 124.14 124.24 124.26 125.19 125.38 125.36 125.36 125.34 125.31 125.38 125.41 125.40 125.43 125.45 125.51 125.61 125.68 125.97 126.25 126.08 125.97 126.14 126.18 126.25 126.31 126.33 126.35 126.34 126.24 126.14
-9999 -9999 123.31 123.35 123.41 123.37 123.32 123.25 123.18 123.09 123.05 123.14 123.19 123.24 123.29 123.32 123.30 123.36 123.43 123.50 123.54 124.07 123.59 123.62 123.75 123.83 123.86 123.93 124.45 125.01 125.31 125.23 124.22 123.94 123.52 123.10 123.63 123.88 123.88 123.96 123.96 123.98 124.08 124.20 124.41 125.23 125.36 125.30 125.29 125.27 125.35 125.32 125.37 125.37 125.39 125.45 125.48 125.60 125.71 125.77 125.75 125.84 126.28 126.08 126.08 126.24 126.23 126.39 126.30 126.32 126.27
-9999 -9999 123.36 123.40 123.38 123.29 123.23 123.20 123.17 123.14 123.12 123.12 123.13 123.21 123.30 123.34 123.41 123.43 123.43 123.50 123.57 123.61 123.67 123.67 123.70 123.75 123.86 124.07 124.64 125.11 125.31 124.45 124.32 124.00 123.91 123.85 123.93 123.86 124.00 124.12 124.12 124.01 123.90 124.00 124.04 124.16 124.47 125.17 125.24 125.30 125.35 125.31 125.30 125.28 125.29 125.37 125.39 125.47 125.56 125.52 125.60 125.70 125.86 125.88 125.92 126.14 126.12 126.22 126.30 126.35 126.26
-9999 -9999 123.36 123.43 123.39 123.31 123.24 123.06 123.09 123.15 123.16 123.19 123.21 123.23 123.26 123.35 123.42 123.49 123.71 123.57 123.56 123.61 123.68 123.74 123.74 123.81 123.87 124.16 124.65 124.95 125.06 124.21 124.16 124.22 124.08 123.94 123.81 123.81 123.98 124.29 124.06 124.08 124.09 123.88 123.96 123.97 124.00 124.15 124.18 124.14 124.50 125.06 125.25 125.37 125.34 125.25 125.30 125.34 125.39 125.42 125.47 125.52 125.59 125.71 125.75 126.03 126.09 126.15 126.26 126.18 126.27
-9999 -9999 123.47 123.41 123.35 123.28 123.24 123.14 123.05 123.08 123.15 123.21 123.28 123.32 123.35 123.39 123.38 123.46 123.56 123.77 123.81 123.66 123.67 123.72 123.81 123.84 123.88 124.08 123.87 124.47 124.68 124.17 123.98 124.13 124.01 123.92 123.86 123.89 124.03 123.93 123.96 124.08 124.18 123.98 123.91 123.77 123.82 123.90 123.97 124.07 124.20 124.35 124.50 124.70 124.85 125.17 125.15 125.20 125.30 125.33 125.38 125.41 125.44 125.55 125.62 125.75 125.81 126.24 125.94 126.14 126.17
-9999 -9999 123.50 123.43 123.32 123.25 123.19 123.16 123.15 123.15 123.17 123.15 123.25 123.35 123.43 123.46 123.48 123.47 123.51 123.60 123.78 123.77 123.74 123.77 123.80 123.87 123.87 124.02 123.86 123.95 124.05 124.19 124.04 123.88 123.84 123.79 123.78 123.91 124.04 123.96 123.88 124.10 123.99 123.93 123.86 123.81 122.89 123.76 123.81 123.94 124.01 124.13 124.29 124.55 124.83 125.02 125.12 125.10 125.35 125.27 125.33 125.34 125.42 125.49 125.50 125.53 125.60 125.74 125.75 125.94 126.02
-9999 -9999 123.51 123.44 123.35 123.20 123.12 123.06 123.14 123.18 123.19 123.27 123.27 123.30 123.42 123.45 123.69 123.58 123.62 123.58 123.65 123.71 123.79 123.82 123.86 123.89 124.03 123.70 123.84 123.92 124.03 124.02 123.96 123.94 123.85 123.80 123.82 124.04 124.03 123.97 124.10 123.94 123.82 123.78 123.91 123.46 122.92 122.53 123.95 124.02 123.89 123.96 124.00 124.06 124.08 125.08 125.07 125.01 124.89 125.39 125.43 125.29 125.35 125.38 125.40 125.44 125.47 125.50 125.60 125.66 125.67
-9999 -9999 123.52 123.43 123.40 123.29 123.18 123.07 123.08 123.15 123.22 123.27 123.33 123.36 123.38 123.41 123.49 123.67 123.82 123.68 123.72 123.71 123.76 123.83 123.86 123.87 123.78 123.83 123.83 123.92 123.77 123.93 123.92 123.85 123.72 123.72 123.87 124.07 123.92 123.98 124.07 123.83 123.71 123.78 123.92 123.93 123.61 123.25 123.79 123.85 123.85 123.89 123.90 123.89 123.96 124.09 124.97 124.13 124.73 124.62 125.22 125.42 125.38 125.28 125.34 125.35 125.40 125.45 125.48 125.49 125.58
-9999 -9999 123.55 123.49 123.43 123.31 123.24 123.20 123.18 123.16 123.20 123.25 123.36 123.37 123.42 123.45 123.49 123.52 123.60 123.71 123.76 123.82 123.82 123.83 123.87 124.01 123.82 123.82 123.86 123.90 123.89 123.90 123.85 123.87 123.78 123.76 123.99 123.89 123.98 124.02 124.00 123.76 123.70 123.82 123.93 123.85 123.82 123.86 123.76 123.74 123.79 123.83 123.86 123.84 123.92 123.90 123.96 124.01 124.45 124.47 124.43 124.73 125.19 125.38 125.39 125.29 125.34 125.40 125.44 125.39 125.31
-9999 -9999 123.62 123.56 123.48 123.41 123.36 123.24 123.25 123.26 123.27 123.27 123.30 123.38 123.44 123.50 123.51 123.60 123.59 123.68 123.74 123.83 123.86 123.86 123.87 123.82 123.76 123.84 123.91 123.93 123.89 123.90 123.87 123.76 123.77 123.87 124.04 123.96 124.01 124.00 123.75 123.69 123.70 123.99 123.86 123.82 123.79 123.73 123.68 123.64 123.77 123.78 123.87 123.89 123.73 124.00 123.88 123.86 123.96 124.06 124.17 124.24 124.47 125.38 125.40 125.42 125.42 125.35 125.38 125.52 125.02
-9999 -9999 123.59 123.57 123.54 123.50 123.34 123.31 123.32 123.34 123.34 123.31 123.38 123.39 123.43 123.51 123.55 123.65 123.63 123.72 123.75 123.79 123.86 123.88 124.07 123.76 123.74 124.00 123.90 123.92 123.90 123.90 123.89 123.82 123.81 124.01 123.97 123.93 123.95 123.95 123.72 123.62 123.69 123.87 123.80 123.80 123.77 123.73 123.66 123.67 123.73 123.76 123.93 123.98 123.96 123.77 123.83 124.11 123.91 123.94 123.97 124.02 124.05 124.47 125.10 125.38 125.40 125.37 125.44 125.15 124.82
-9999 -9999 123.53 123.51 123.52 123.46 123.48 123.39 123.40 123.35 123.33 123.34 123.40 123.46 123.49 123.53 123.54 123.61 123.70 123.76 123.79 123.81 123.89 123.87 123.86 123.76 123.90 123.89 123.93 123.91 123.90 123.90 123.78 123.77 123.87 123.93 123.96 123.91 123.89 123.79 123.65 123.67 123.88 123.74 123.72 123.73 123.71 123.69 123.68 123.70 123.78 123.87 123.85 123.88 123.89 123.84 123.88 123.74 123.79 123.76 123.90 123.92 123.96 123.98 124.11 124.46 124.97 125.25 125.25 124.49 124.59
-9999 -9999 123.48 123.45 123.40 123.32 123.38 123.44 123.54 123.44 123.43 123.36 123.38 123.44 123.50 123.57 123.62 123.66 123.69 123.74 123.82 123.86 123.87 123.85 123.78 123.76 123.83 123.78 123.82 123.88 123.89 123.92 123.83 123.84 124.00 123.95 123.94 123.91 124.10 123.79 123.66 123.71 123.81 123.77 123.76 123.69 123.68 123.59 123.68 123.72 123.73 123.86 123.99 123.93 123.82 123.76 123.74 123.69 123.68 123.73 124.01 123.76 123.77 123.78 123.94 123.98 124.08 124.51 124.20 124.24 124.39
-9999 -9999 123.44 123.39 123.32 123.25 123.26 123.34 123.40 123.48 123.60 123.50 123.52 123.48 123.50 123.57 123.63 123.76 123.76 123.77 123.78 123.88 123.87 124.00 123.69 123.63 123.63 123.69 123.69 123.76 123.89 123.79 123.81 124.01 123.87 123.87 123.93 124.04 123.87 123.77 123.76 123.87 123.85 123.79 123.71 123.66 123.60 123.57 123.64 123.67 123.84 123.82 123.83 123.88 123.81 123.76 123.74 123.66 123.62 123.44 123.52 123.58 123.70 123.78 123.78 123.84 123.94 123.97 124.01 124.12 124.21
-9999 -9999 123.35 123.28 123.20 123.28 123.34 123.33 123.32 123.41 123.46 123.57 123.67 123.60 123.60 123.58 123.65 123.73 123.81 123.86 123.86 123.89 124.02 123.83 123.59 123.57 123.54 123.58 123.58 123.62 123.71 123.79 123.81 123.98 123.93 123.81 123.92 123.99 123.86 123.73 123.74 123.91 123.81 123.75 123.70 123.66 123.61 123.61 123.64 123.69 123.83 123.94 123.87 123.81 123.79 123.74 123.68 123.68 123.60 123.42 123.48 123.53 123.89 123.91 123.88 123.76 123.91 123.93 123.95 124.02 123.99
-9999 -9999 123.27 123.21 123.44 123.19 123.34 123.42 123.51 123.42 123.39 123.47 123.59 123.65 123.76 123.69 123.70 123.70 123.76 123.86 123.91 123.90 124.06 123.67 123.62 123.50 123.45 123.54 123.61 123.80 123.71 123.60 123.74 123.80 123.83 123.68 123.89 123.99 123.79 123.80 124.01 123.87 123.81 123.73 123.67 123.62 123.60 123.62 123.65 123.81 123.77 123.83 123.97 123.81 123.79 123.71 123.64 123.60 123.40 123.48 123.52 123.56 123.77 123.79 123.83 123.80 123.52 123.85 123.94 123.93 123.98
-9999 -9999 123.24 123.08 123.24 123.34 123.47 123.43 123.35 123.60 123.62 123.55 123.47 123.55 123.66 123.66 123.83 123.80 123.83 123.87 124.00 123.99 123.91 123.67 123.60 123.55 123.49 123.56 123.77 123.95 123.95 123.83 123.70 123.64 123.52 123.62 123.86 123.94 123.78 123.71 123.87 123.90 123.80 123.71 123.67 123.60 123.64 123.66 123.70 123.78 124.26 123.88 123.78 123.77 123.74 123.70 123.65 123.60 123.38 123.46 123.53 123.66 123.73 123.71 123.72 123.64 123.62 123.63 123.69 123.72 123.82
-9999 -9999 123.23 123.28 123.31 123.41 123.33 123.29 123.40 123.49 123.70 123.60 124.03 123.60 123.57 123.63 123.75 123.89 123.93 124.01 124.06 123.97 123.63 123.59 123.59 123.59 123.60 123.61 123.86 123.92 123.93 123.86 123.94 124.02 123.81 123.50 123.60 123.71 123.79 123.79 123.76 123.68 123.67 123.67 123.55 123.55 123.59 123.63 123.73 123.63 123.81 123.81 124.12 123.73 123.71 123.67 123.70 123.43 123.45 123.48 123.53 123.62 123.61 123.67 123.66 123.62 123.52 123.51 123.59 123.65 123.77
-9999 -9999 123.26 123.33 123.43 123.27 123.28 123.38 123.43 123.81 123.20 123.18 123.55 123.67 123.69 123.67 123.72 123.85 124.00 124.07 124.05 123.86 123.53 123.63 123.54 123.55 123.55 123.60 123.77 123.83 123.94 123.88 123.89 124.01 123.93 123.90 123.76 123.54 123.70 123.67 123.72 123.70 123.76 123.63 123.56 123.57 123.57 123.62 123.69 123.81 123.76 123.80 123.75 123.74 123.69 123.64 123.60 123.63 123.70 123.53 123.69 123.68 123.66 123.67 123.62 123.63 123.58 123.57 123.61 123.70 123.78
-9999 -9999 123.26 123.38 123.31 123.14 123.28 123.41 123.53 123.27 123.14 123.37 123.24 123.27 123.66 123.71 123.75 123.80 123.92 123.88 123.86 123.57 123.43 123.47 123.54 123.49 123.49 123.54 123.55 123.56 123.77 123.89 123.83 123.93 123.94 123.31 123.81 123.83 123.76 123.64 123.61 123.57 123.74 123.64 123.60 123.58 123.62 123.70 123.54 123.71 123.77 123.73 123.73 123.71 123.69 123.66 123.63 123.65 123.70 123.74 123.68 123.67 123.63 123.64 123.59 123.57 123.60 123.62 123.65 123.74 123.82
-9999 -9999 123.36 123.38 123.36 123.45 123.31 123.13 123.32 123.19 123.19 123.42 123.47 123.41 123.32 123.36 123.71 123.82 123.98 124.01 123.82 123.58 123.54 123.51 123.50 123.42 123.44 123.50 123.45 123.50 123.55 123.59 123.76 123.84 123.43 123.33 123.78 123.79 123.76 123.62 123.56 123.54 123.55 123.50 123.55 123.60 123.58 123.62 124.11 123.83 123.71 123.73 123.71 123.66 123.61 123.61 123.65 123.69 123.74 123.69 123.68 123.63 123.64 123.63 123.59 123.55 123.55 123.63 123.75 123.76 123.76
-9999 -9999 123.45 123.49 123.49 123.53 123.46 123.90 123.51 123.18 123.35 123.43 123.43 123.49 123.06 123.37 123.38 123.44 123.62 123.82 123.59 123.55 123.52 123.52 123.47 123.44 123.46 123.43 123.32 123.47 123.59 123.54 123.54 123.62 122.40 123.54 123.71 123.74 123.70 123.47 123.48 123.65 123.51 123.42 123.49 123.56 123.66 123.63 124.65 123.89 123.89 123.74 123.71 123.68 123.65 123.60 123.63 123.69 123.72 123.63 123.62 123.64 123.61 123.58 123.61 123.61 123.60 123.65 123.72 123.77 123.79
-9999 -9999 123.39 123.55 123.56 123.61 123.16 123.28 123.23 123.17 123.16 123.24 123.43 123.35 123.40 123.32 123.27 123.35 123.42 123.50 123.64 123.70 123.53 123.51 123.48 123.48 123.49 123.43 123.39 123.52 123.48 123.44 123.53 123.54 123.53 123.58 123.66 123.72 123.54 123.47 123.55 123.52 123.48 123.46 123.47 123.53 123.73 123.79 123.77 123.77 123.96 123.75 123.65 123.61 123.59 123.66 123.65 123.70 123.67 123.57 123.54 123.58 123.57 123.50 123.48 123.57 123.63 123.72 123.73 123.73 123.76
-9999 -9999 123.07 123.23 123.43 123.41 123.35 123.28 123.21 123.10 123.15 123.27 123.24 123.31 123.34 123.36 123.29 123.26 123.36 123.45 123.50 123.65 123.64 123.73 123.50 123.50 123.49 123.40 123.45 123.52 123.43 123.40 123.51 123.46 123.43 123.46 123.57 123.57 123.41 123.45 123.61 123.51 123.49 123.51 123.51 123.67 123.73 123.76 123.80 123.75 123.72 123.73 123.67 123.58 123.55 123.60 123.70 123.72 123.60 123.54 123.50 123.51 123.56 123.54 123.50 123.56 123.64 123.74 123.73 123.70 123.71
-9999 -9999 122.96 123.01 123.13 123.39 123.38 123.33 123.24 123.12 123.16 123.23 123.24 123.27 123.33 123.33 123.37 123.37 123.37 123.37 123.32 123.33 123.46 123.62 123.44 123.47 123.48 123.42 123.47 123.48 123.43 123.48 123.48 123.36 123.29 123.38 123.49 123.39 123.38 123.49 123.43 123.40 123.42 123.48 123.50 123.73 124.43 123.82 123.79 123.72 123.71 123.66 123.61 123.65 123.63 123.64 123.68 123.88 123.65 123.49 123.48 123.44 123.47 123.55 123.61 123.59 123.75 123.68 123.71 123.73 123.72
-9999 -9999 123.25 123.14 123.21 123.43 123.44 123.41 123.31 123.27 123.27 123.23 123.18 123.24 123.29 123.28 123.31 123.35 123.39 123.38 123.31 123.31 123.35 123.39 123.35 123.31 123.38 123.45 123.48 123.49 123.49 123.50 123.45 123.38 123.32 123.36 123.36 123.25 123.33 123.57 123.38 123.28 123.38 123.48 123.62 123.71 123.84 123.84 123.90 123.72 123.68 123.60 123.51 123.49 123.62 123.68 123.71 123.68 123.61 123.51 123.49 123.43 123.40 123.41 123.56 123.62 123.77 123.71 123.74 123.71 123.69
-9999 -9999 123.46 123.26 123.43 123.50 123.45 123.42 123.43 123.41 123.36 123.33 123.26 123.28 123.30 123.23 123.35 123.34 123.32 123.32 123.34 123.36 123.35 123.37 123.29 123.19 123.32 123.44 123.55 123.54 123.59 123.55 123.50 123.52 123.45 123.34 123.24 123.23 123.32 123.41 123.35 123.34 123.39 123.47 123.65 123.72 123.72 123.75 123.76 123.74 123.67 123.60 123.52 123.51 123.53 123.64 123.77 123.68 123.53 123.46 123.49 123.47 123.44 123.49 123.56 123.68 123.71 123.72 123.73 123.75 123.73
