sem5/geodane/nmtwroc/73679_1014208_M-33-35-C-a-3-4.asc
ncols         450
nrows         475
xllcenter     362150
yllcenter     359180
cellsize      5
nodata_value  -9999
[rows 128 to 159 of 475, columns 71 to 141 of 450]
123.35 123.33 123.26 123.56 123.34 123.26 123.46 123.83 123.82 124.17 124.44 124.44 124.20 124.32 124.42 124.45 124.41 124.42 124.62 124.34 124.43 124.42 124.39 124.29 124.15 124.10 124.06 124.27 124.19 120.04 119.94 119.89 119.87 119.85 119.84 119.74 119.70 119.69 119.75 119.80 123.88 123.67 123.26 123.19 123.31 123.25 123.28 123.30 123.39 123.38 123.36 123.21 123.19 123.31 123.24 123.23 123.02 122.82 122.68 122.41 122.68 123.16 123.63 124.11 122.81 120.47 121.09 121.01 120.87 120.68 120.52
123.22 123.28 123.30 123.35 123.63 123.70 123.50 123.81 124.41 124.41 124.12 124.08 124.20 124.31 124.39 124.38 124.39 124.43 124.54 124.37 124.41 124.42 124.42 124.44 124.45 124.49 124.26 124.27 124.17 120.05 119.95 119.95 119.93 119.91 119.90 119.87 119.88 119.85 119.82 119.86 123.78 123.56 123.36 123.28 123.28 123.35 123.34 123.27 123.24 123.34 123.30 123.49 123.50 123.28 123.26 123.26 123.22 123.26 123.00 122.94 123.36 123.80 123.93 124.05 123.95 124.11 121.27 121.14 121.02 120.91 120.78
123.28 123.26 123.67 123.34 124.29 124.03 124.33 124.38 124.21 123.83 123.96 124.08 124.19 124.31 124.36 124.31 124.37 124.44 124.29 124.38 124.40 124.41 124.41 124.43 124.44 124.41 124.63 124.77 124.75 122.88 120.41 120.02 120.04 119.98 119.97 119.94 119.92 119.90 119.91 119.89 123.75 123.79 123.44 123.33 123.27 123.34 123.41 123.37 123.31 123.31 123.28 123.27 123.30 123.34 123.35 123.24 123.19 123.17 123.19 123.35 123.51 123.59 123.63 123.73 123.82 124.11 123.67 121.85 121.18 121.09 120.94
123.31 123.32 123.27 123.33 124.31 124.35 124.30 123.58 123.72 123.84 123.95 124.07 124.18 124.28 124.32 124.28 124.32 124.45 124.24 124.36 124.39 124.40 124.39 124.42 124.42 124.38 124.67 124.77 124.71 122.55 120.33 120.27 120.28 120.23 120.13 120.00 119.99 119.97 120.01 120.60 123.68 124.16 123.30 123.24 123.27 123.25 123.35 123.35 123.29 123.29 123.33 123.28 123.26 123.26 123.25 123.27 123.24 123.22 123.14 123.16 123.18 123.19 123.25 123.47 123.69 123.67 123.69 123.27 123.19 120.83 120.54
123.57 123.59 123.59 123.33 123.33 123.32 123.47 123.60 123.71 123.83 123.94 124.06 124.17 124.24 124.28 124.26 124.28 124.46 124.24 124.36 124.38 124.39 124.39 124.40 124.40 124.41 124.67 124.75 124.67 122.23 120.58 120.53 120.52 120.49 120.56 120.60 120.49 120.29 121.24 123.26 123.62 123.68 123.32 123.28 123.25 123.16 123.21 123.28 123.26 123.24 123.31 123.18 123.33 123.26 123.20 123.16 123.19 123.20 123.19 123.09 123.04 122.97 123.11 123.22 123.31 123.42 123.37 123.50 123.29 123.01 120.15
124.29 123.29 123.27 123.33 123.64 123.36 123.47 123.59 123.70 123.82 123.94 124.05 124.16 124.21 124.23 124.25 124.27 124.35 124.27 124.37 124.37 124.38 124.38 124.39 124.39 124.45 124.66 124.73 124.37 121.91 120.83 120.79 120.75 120.76 120.77 120.84 121.15 121.03 120.73 122.53 123.95 123.51 123.67 123.64 123.33 123.26 123.29 123.21 123.26 123.22 123.25 123.30 123.29 123.27 123.22 123.21 123.22 123.06 123.07 123.12 123.17 123.02 123.04 123.09 123.13 123.15 123.67 123.70 123.39 123.29 123.07
124.33 124.32 124.34 124.28 123.76 123.35 123.46 123.58 123.70 123.81 123.93 124.04 124.13 124.17 124.16 124.23 124.28 124.17 124.30 124.36 124.36 124.35 124.37 124.38 124.36 124.48 124.64 124.70 124.05 121.59 121.06 121.05 121.01 121.03 121.04 121.05 121.11 121.71 121.53 121.61 123.75 124.18 123.24 123.87 123.76 123.66 123.65 123.68 123.39 123.23 123.29 123.26 123.38 123.36 123.31 123.22 123.16 123.22 123.14 123.17 123.03 122.96 122.88 122.99 123.04 123.09 123.87 123.90 123.50 123.33 123.07
123.53 124.28 124.31 124.30 124.09 123.35 123.46 123.57 123.69 123.80 123.92 124.03 124.10 124.14 124.14 124.22 124.29 124.19 124.30 124.35 124.35 124.33 124.36 124.37 124.32 124.51 124.62 124.68 123.73 121.35 121.30 121.29 121.28 121.29 121.31 121.32 121.48 122.04 122.25 121.80 122.46 124.23 124.25 123.95 123.48 123.59 123.51 123.65 123.44 123.66 123.66 123.74 123.57 123.29 123.24 123.24 123.20 123.28 123.19 123.17 123.11 123.08 123.06 122.94 122.93 122.97 123.10 123.21 123.56 123.19 123.13
123.74 123.44 123.31 123.27 123.82 123.62 123.45 123.56 123.68 123.80 123.91 124.02 124.06 124.10 124.12 124.18 124.30 124.20 124.29 124.34 124.34 124.33 124.34 124.36 124.30 124.54 124.61 124.65 123.41 121.60 121.56 121.53 121.55 121.56 121.57 121.59 121.60 121.82 122.68 122.79 122.63 123.24 123.46 123.65 123.62 123.54 123.45 123.38 124.11 124.21 123.49 123.41 123.50 123.50 123.70 123.65 123.61 123.30 123.17 123.15 123.12 123.13 123.04 123.12 123.14 122.89 122.93 122.99 123.02 123.02 123.04
123.31 123.29 123.73 123.77 123.38 124.15 123.44 123.56 123.67 123.79 123.90 123.99 124.02 124.06 124.11 124.15 124.16 124.19 124.32 124.33 124.33 124.32 124.33 124.34 124.31 124.53 124.59 124.61 123.09 121.85 121.82 121.80 121.81 121.83 121.84 121.85 121.87 121.98 122.38 123.32 122.83 123.74 123.74 123.65 123.57 123.48 123.40 123.31 123.53 124.23 124.06 123.36 123.35 123.87 123.42 123.27 123.26 123.43 123.54 123.53 123.52 123.49 123.15 123.02 123.03 123.06 123.07 123.04 122.96 122.97 123.00
124.30 124.31 124.27 123.27 123.40 123.48 123.68 123.55 123.66 123.78 123.89 123.95 123.99 124.01 124.09 124.13 124.12 124.21 124.31 124.32 124.27 124.31 124.32 124.32 124.33 124.51 124.56 124.57 122.76 122.08 122.05 122.07 122.08 122.09 122.11 122.12 122.13 122.15 122.40 123.48 124.02 123.20 123.35 123.46 123.58 123.69 123.67 123.53 123.35 123.21 123.27 123.26 123.26 123.41 124.23 124.23 124.23 124.21 124.21 123.24 123.22 123.23 123.47 123.52 123.20 123.10 123.00 123.01 122.95 123.07 122.91
123.31 124.10 124.28 124.29 123.42 123.56 124.01 123.54 123.66 123.77 123.88 123.91 123.95 123.98 124.08 124.13 124.14 124.23 124.31 124.31 124.27 124.30 124.31 124.28 124.36 124.48 124.54 124.54 122.44 122.34 122.32 122.33 122.35 122.36 122.37 122.39 122.40 122.41 122.47 122.79 124.16 124.27 124.26 124.00 123.78 123.29 123.26 123.40 123.40 123.62 123.57 123.49 123.40 123.25 123.24 123.98 124.20 124.21 124.25 124.25 124.20 124.20 124.20 123.21 123.23 123.19 123.11 123.16 123.17 122.97 122.90
123.32 123.31 123.32 123.33 124.08 123.61 123.64 123.74 123.65 123.76 123.84 123.88 123.91 123.99 124.07 124.14 124.16 124.23 124.30 124.30 124.27 124.28 124.30 124.23 124.40 124.47 124.51 124.50 122.62 122.58 122.59 122.60 122.61 122.63 122.64 122.65 122.67 122.68 122.69 122.90 123.25 124.21 124.09 124.25 124.25 124.28 124.25 124.10 124.22 124.19 123.66 123.38 123.41 123.32 123.60 123.61 123.49 123.29 123.23 123.20 124.18 124.22 124.20 123.28 123.20 123.18 123.19 123.19 123.19 122.91 123.18
123.28 123.30 123.78 123.66 123.90 123.69 123.76 123.79 123.64 123.75 123.80 123.84 123.88 123.96 124.04 124.04 124.16 124.25 124.29 124.25 124.26 124.27 124.29 124.22 124.39 124.45 124.49 124.26 122.85 122.84 122.85 122.87 122.88 122.89 122.91 122.92 122.93 122.95 122.96 122.98 123.76 123.60 123.78 123.72 123.66 123.59 123.81 124.10 124.27 124.28 124.24 124.24 124.27 124.22 123.28 123.21 123.23 123.40 123.59 123.59 123.59 123.24 123.23 123.23 123.13 123.21 123.19 123.13 123.19 123.17 123.14
123.34 123.32 123.26 123.29 123.73 123.76 123.78 123.88 123.83 123.73 123.77 123.80 123.84 123.95 124.02 124.06 124.15 124.27 124.27 124.20 124.25 124.26 124.27 124.23 124.38 124.42 124.46 123.94 123.11 123.10 123.12 123.13 123.15 123.16 123.17 123.19 123.20 123.21 123.23 123.24 123.24 124.00 123.78 123.60 123.65 123.72 123.42 123.24 123.24 123.93 124.10 124.21 124.20 124.24 124.26 124.23 124.22 124.21 123.93 123.24 123.23 123.21 123.58 123.22 123.24 123.23 123.25 123.20 123.19 123.18 123.16
123.28 123.24 123.31 123.35 123.31 123.29 123.32 123.70 123.79 123.70 123.73 123.77 123.82 123.94 124.00 124.08 124.14 124.26 124.26 124.20 124.23 124.25 124.23 124.23 124.36 124.40 124.44 123.62 123.36 123.37 123.38 123.40 123.41 123.43 123.44 123.45 123.47 123.38 123.83 124.24 124.27 124.27 124.25 123.95 123.65 123.44 123.37 123.47 123.70 123.62 123.55 123.31 123.23 123.20 124.02 124.23 124.20 124.23 124.24 124.24 124.21 124.22 124.20 123.19 123.15 123.24 123.25 123.23 123.20 123.17 123.15
123.57 123.52 123.43 123.41 123.38 123.28 123.30 123.27 123.30 123.28 123.31 123.75 123.85 123.93 123.98 124.10 124.16 124.26 124.22 124.20 124.22 124.24 124.19 124.25 124.33 124.37 124.41 123.63 123.62 123.64 123.65 123.67 123.68 123.69 123.67 123.47 123.26 124.01 124.05 124.20 124.23 124.24 124.26 124.27 124.28 124.28 124.03 124.23 124.20 123.66 123.21 123.31 123.61 123.62 123.60 123.35 123.25 123.26 123.56 124.17 124.21 124.23 124.25 123.12 123.32 123.27 123.17 123.20 123.19 123.21 123.13
119.43 120.79 123.63 123.51 123.45 123.24 123.31 123.36 123.26 123.29 123.22 123.28 123.30 123.25 123.31 123.45 124.21 124.25 124.16 124.20 124.21 124.24 124.15 124.26 124.31 124.35 124.39 123.88 123.89 123.90 123.92 123.93 123.75 123.55 123.35 123.78 123.91 124.02 124.21 123.71 123.54 123.94 124.03 124.13 124.22 124.23 124.26 124.22 124.32 124.29 124.24 124.23 123.83 123.24 123.20 123.23 123.49 123.29 123.23 123.20 123.26 123.21 123.20 123.27 123.27 123.13 123.09 123.04 123.03 123.31 123.14
119.68 119.68 119.48 123.45 123.53 123.22 123.17 123.25 122.40 122.66 123.30 123.35 123.32 123.30 123.29 123.31 123.28 123.32 123.31 123.29 123.77 124.23 124.14 124.25 124.28 124.32 124.36 124.14 124.16 124.04 123.84 123.64 123.44 123.42 123.70 123.78 123.95 124.23 123.61 123.25 123.92 123.69 123.63 123.69 123.70 123.80 123.90 123.23 123.60 124.15 124.24 124.25 124.25 124.24 124.23 124.23 124.20 123.58 123.22 123.21 123.18 123.24 123.24 123.19 123.17 123.20 123.22 123.20 123.21 123.18 123.05
119.69 119.68 119.55 122.97 123.36 123.35 123.27 123.09 122.55 122.48 122.57 122.51 123.20 123.25 123.35 123.32 123.28 123.20 123.24 123.24 123.25 123.26 123.31 123.29 123.58 124.22 124.30 124.13 123.93 123.73 123.53 123.33 123.46 123.55 123.62 123.95 124.25 123.64 124.27 124.29 124.16 123.86 123.71 123.56 123.41 123.50 123.65 123.71 123.70 123.52 123.24 123.21 123.16 124.22 124.23 124.24 124.28 124.28 123.24 123.20 123.23 123.26 123.29 123.23 123.24 123.23 123.23 123.18 123.15 123.17 123.16
119.43 119.50 119.58 123.02 123.44 120.87 121.01 122.54 123.13 122.58 122.96 123.45 123.74 123.32 123.30 123.26 123.27 123.37 123.32 123.34 123.25 123.24 123.26 123.28 123.28 123.24 123.26 123.25 123.27 123.41 123.31 123.36 123.41 123.62 123.95 124.27 124.26 123.82 123.32 123.47 124.25 124.06 123.87 123.72 123.57 123.42 124.19 123.68 123.24 123.24 123.43 123.48 123.65 123.55 123.25 123.24 123.17 124.20 123.22 123.21 123.23 123.24 123.23 123.22 123.17 123.17 123.24 123.27 123.21 123.15 123.12
119.42 119.46 119.50 119.57 119.79 119.99 120.13 119.88 120.57 121.10 122.22 123.47 123.50 123.35 123.17 123.35 123.38 123.47 123.34 123.51 123.45 123.23 123.22 123.32 123.41 123.29 123.30 123.30 123.31 123.30 123.31 123.28 123.35 123.47 123.77 124.07 124.16 124.08 123.70 123.69 124.19 124.21 124.04 123.89 123.82 124.24 124.24 124.26 124.26 124.22 124.22 123.76 123.22 123.23 123.26 123.29 123.19 123.17 123.25 123.13 123.26 123.21 123.19 123.22 123.17 123.15 123.09 123.17 123.69 123.40 123.08
119.38 119.44 119.45 119.48 119.54 119.50 119.44 119.45 119.39 119.35 119.95 122.63 123.35 123.30 123.14 123.13 123.13 123.07 123.17 123.17 123.20 123.24 123.46 123.84 123.93 123.50 123.36 123.44 123.34 123.32 123.29 123.25 123.29 123.36 123.32 123.31 123.25 123.34 123.94 124.19 124.18 124.17 124.20 124.23 124.19 123.50 123.24 123.39 123.87 124.22 124.22 124.23 124.22 124.24 124.22 124.20 123.17 123.22 123.20 123.22 123.25 123.25 123.23 123.23 123.23 123.20 123.17 123.21 123.16 123.12 123.17
119.35 119.38 119.41 119.41 119.48 119.47 119.46 119.37 119.46 119.34 120.04 120.91 122.28 122.37 122.51 122.98 123.07 123.01 123.11 123.09 123.13 123.36 123.40 123.32 123.26 123.54 123.94 123.97 123.92 123.67 123.45 123.34 123.32 123.30 123.31 123.28 123.28 123.33 123.25 123.30 123.26 123.27 123.73 124.19 124.20 124.18 124.00 123.23 123.23 123.24 123.25 123.25 123.40 124.19 124.25 124.23 124.25 124.25 124.20 124.19 123.20 123.23 123.22 123.23 123.26 123.18 123.20 123.19 123.21 123.10 123.12
119.29 119.29 119.36 119.37 119.38 119.40 119.39 119.31 119.42 119.29 119.87 119.96 120.17 121.78 121.48 121.72 122.31 122.87 122.95 122.96 123.10 123.37 123.43 123.29 123.31 123.28 123.35 123.37 123.31 123.41 123.75 124.25 123.06 123.10 123.15 123.23 123.30 123.28 123.21 123.20 123.21 123.20 123.25 123.32 123.30 123.27 123.26 123.38 123.22 123.23 123.54 123.79 123.89 123.43 123.29 123.22 123.24 124.03 124.24 124.23 124.24 124.23 124.20 123.22 123.19 123.19 123.16 123.14 123.15 123.08 123.10
119.22 119.19 119.18 119.24 119.31 119.29 119.31 119.35 119.29 119.32 119.65 119.74 119.81 119.86 120.89 120.74 120.82 121.42 122.04 122.58 123.03 123.38 123.30 123.40 123.19 123.19 123.28 123.22 123.35 123.52 123.54 123.39 123.31 123.26 123.36 123.91 123.94 123.94 123.56 123.20 123.24 123.21 123.20 123.15 123.24 123.24 123.25 123.26 123.28 123.27 123.23 123.94 124.19 123.72 123.24 123.22 123.23 123.32 123.24 123.27 123.18 123.24 124.19 124.21 124.17 123.17 123.17 123.12 123.12 123.09 123.12
119.09 119.23 119.19 119.18 119.17 119.19 119.24 119.26 119.28 119.26 119.35 119.37 119.45 119.52 119.65 120.37 119.97 119.92 120.34 120.84 121.39 122.45 122.38 122.52 122.91 123.09 123.15 123.30 123.38 123.74 122.90 120.11 119.63 121.33 122.55 123.06 123.46 123.32 123.36 123.63 123.87 123.83 123.75 123.31 123.20 123.20 123.18 123.13 123.20 123.23 123.23 123.23 123.28 123.27 123.25 123.59 124.19 124.18 123.15 123.21 123.22 123.22 123.33 123.18 123.17 123.18 123.19 123.18 123.14 123.14 123.12
119.24 119.33 119.25 119.28 119.30 119.32 119.24 119.21 119.25 119.28 119.28 119.32 119.33 119.37 119.39 119.42 119.73 119.76 119.70 120.06 120.59 121.20 120.84 120.92 121.14 119.99 121.01 121.52 122.10 122.80 121.53 119.90 119.58 119.72 120.62 121.37 121.83 122.22 122.79 123.06 123.37 123.34 123.32 123.44 123.77 123.80 123.59 123.12 123.08 123.15 123.11 123.17 123.13 123.15 123.21 123.23 123.21 123.22 123.25 123.24 124.17 124.19 123.51 123.14 123.16 123.16 123.19 123.17 123.14 123.11 123.12
119.29 119.28 119.27 119.29 119.28 119.19 119.20 119.38 119.34 119.31 119.25 119.26 119.30 119.33 119.34 119.38 119.41 119.42 119.45 119.57 120.20 120.27 120.09 120.13 120.24 119.75 119.83 120.19 120.04 120.37 119.84 119.50 119.39 119.13 119.28 119.60 120.10 120.92 121.65 121.94 122.46 122.79 123.00 122.80 123.28 123.18 123.23 123.24 123.67 123.74 123.76 123.53 123.17 123.07 123.08 123.10 123.07 123.14 123.20 123.19 123.22 123.26 123.22 123.19 123.14 123.08 123.14 123.13 123.10 123.08 123.11
119.34 119.33 119.33 119.33 119.34 119.20 119.25 119.28 119.25 119.28 119.34 119.41 119.38 119.34 119.30 119.34 119.37 119.41 119.40 119.41 119.42 119.46 119.39 119.63 119.70 119.62 119.66 119.83 119.80 119.74 119.55 119.43 119.09 119.22 119.23 119.37 119.37 119.87 120.46 121.06 121.52 122.05 122.25 121.65 122.16 122.86 123.21 123.06 123.12 123.14 123.11 123.18 123.43 123.17 123.24 123.06 122.99 123.01 123.05 123.07 123.08 123.07 123.19 123.18 123.14 123.12 123.18 123.15 123.12 123.14 123.11
119.43 119.43 119.42 119.44 119.46 119.40 119.36 119.39 119.31 119.25 119.29 119.31 119.30 119.31 119.46 119.40 119.39 119.31 119.27 119.28 119.29 119.27 119.42 119.41 119.41 119.42 119.49 119.58 119.56 119.62 119.51 119.33 119.24 119.31 119.33 119.27 119.22 119.31 119.58 120.18 120.59 121.32 121.36 120.74 120.43 120.26 121.06 121.78 122.49 122.77 122.88 122.93 122.95 122.93 122.99 123.06 123.04 123.03 122.92 123.08 123.03 122.89 123.04 123.07 123.11 123.05 123.14 123.13 123.12 123.11 123.05
119.61 119.57 119.62 119.69 119.52 119.53 119.49 119.48 119.47 119.43 119.44 119.43 119.25 119.33 119.36 119.36 119.34 119.40 119.29 119.22 119.16 119.22 119.27 119.28 119.29 119.28 119.30 119.30 119.32 119.33 119.46 119.27 119.41 119.31 119.26 119.17 119.17 119.24 119.22 119.31 119.72 120.58 120.45 120.38 120.14 120.12 120.05 120.03 119.90 120.03 120.57 121.50 121.73 122.02 122.32 122.76 122.67 122.70 122.91 123.02 122.93 123.03 123.03 123.05 123.07 123.03 123.06 123.09 123.06 123.01 122.99
