sem5/geodane/nmtwroc/73679_1014207_M-33-35-C-a-3-3.asc
ncols         450
nrows         475
xllcenter     359965
yllcenter     359240
cellsize      5
nodata_value  -9999
[rows 160 to 191 of 475, columns 0 to 70 of 450]
-9999 -9999 -9999 -9999 -9999 -9999 -9999 -9999 119.74 119.18 119.18 119.22 119.09 119.02 119.04 119.10 119.18 119.09 119.03 118.94 118.96 118.90 118.88 118.91 118.86 118.90 118.92 119.05 119.22 119.35 119.45 119.52 119.86 119.99 119.90 119.97 119.98 120.38 120.42 120.62 120.74 120.73 120.60 120.55 120.53 120.53 120.60 120.61 120.61 120.70 120.68 120.68 120.47 120.50 120.61 120.64 120.70 120.73 120.97 120.90 120.77 120.64 120.64 120.55 120.53 120.48 120.51 120.48 120.23 120.16 120.14
-9999 -9999 -9999 -9999 -9999 -9999 -9999 -9999 119.27 119.22 119.24 119.17 119.09 119.11 119.13 119.10 119.08 119.02 119.02 119.01 118.99 118.99 118.94 118.92 118.79 118.84 118.96 119.15 119.17 119.26 119.42 119.57 119.67 119.95 119.89 120.00 119.97 120.21 120.43 120.63 120.67 120.71 120.54 120.56 120.57 120.54 120.58 120.59 120.59 120.76 120.69 120.64 120.70 120.70 120.70 120.70 120.63 120.65 120.72 120.82 120.74 120.61 120.61 120.59 120.59 120.58 120.50 120.44 120.64 120.22 120.11
-9999 -9999 -9999 -9999 -9999 -9999 -9999 -9999 119.29 119.22 119.19 119.16 119.08 119.10 119.05 119.12 119.09 119.05 119.06 119.02 118.99 118.96 118.93 118.92 118.99 118.95 119.09 119.18 119.20 119.32 119.44 119.58 119.74 119.96 119.98 120.02 119.90 120.10 120.44 120.61 120.72 120.72 120.55 120.56 120.51 120.59 120.57 120.68 120.64 120.57 120.62 120.69 120.65 120.67 120.70 120.62 120.58 120.64 120.67 120.80 120.69 120.52 120.61 120.61 120.64 120.63 120.54 120.51 120.45 120.45 120.23
-9999 -9999 -9999 -9999 -9999 -9999 -9999 -9999 119.19 119.17 119.20 119.18 119.20 119.23 119.15 119.07 119.12 119.06 119.05 119.02 119.01 119.02 118.99 118.90 119.01 119.05 119.17 119.21 119.26 119.36 119.47 119.59 119.66 120.02 119.96 120.04 119.95 120.13 120.53 120.57 120.69 120.72 120.59 120.56 120.55 120.61 120.63 120.66 120.63 120.62 120.70 120.70 120.72 120.70 120.71 120.54 120.54 120.58 120.64 120.79 120.71 120.59 120.61 120.61 120.65 120.64 120.62 120.63 120.50 120.51 120.29
-9999 -9999 -9999 -9999 -9999 -9999 -9999 -9999 119.21 119.17 119.21 119.28 119.27 119.27 119.12 119.08 119.06 119.04 119.04 118.98 119.02 119.04 118.97 119.03 118.99 118.87 119.18 119.25 119.35 119.39 119.51 119.57 119.71 119.97 120.01 120.05 120.02 120.13 120.48 120.55 120.72 120.68 120.63 120.60 120.63 120.64 120.67 120.64 120.66 120.66 120.70 120.70 120.69 120.69 120.66 120.53 120.51 120.55 120.70 120.83 120.73 120.61 120.64 120.60 120.58 120.58 120.60 120.59 120.43 120.63 120.30
-9999 -9999 -9999 -9999 -9999 -9999 -9999 -9999 119.24 119.36 119.18 119.33 119.22 119.29 119.21 119.15 119.09 119.07 119.10 119.05 119.01 118.99 119.02 119.02 119.04 119.10 119.11 119.21 119.31 119.40 119.50 119.71 119.73 119.93 120.10 120.06 120.00 120.12 120.29 120.51 120.63 120.72 120.78 120.77 120.77 120.83 120.77 120.80 120.82 120.84 120.86 120.81 120.73 120.68 120.62 120.55 120.46 120.54 120.64 120.75 120.73 120.66 120.66 120.63 120.59 120.56 120.51 120.56 120.52 120.56 120.29
-9999 -9999 -9999 -9999 -9999 -9999 -9999 -9999 119.42 119.35 119.29 119.20 119.41 119.37 119.22 119.19 119.12 119.17 119.16 119.09 119.01 119.02 119.02 118.95 119.01 119.03 119.06 119.16 119.29 119.45 119.56 119.68 119.71 119.85 120.03 120.04 120.06 120.08 120.40 120.57 120.66 120.69 120.83 120.80 120.84 120.82 120.78 120.82 120.81 120.83 120.82 120.82 120.73 120.74 120.73 120.54 120.46 120.49 120.67 120.70 120.66 120.70 120.68 120.68 120.52 120.56 120.59 120.57 120.46 120.29 120.38
-9999 -9999 -9999 -9999 -9999 -9999 -9999 -9999 119.42 119.40 119.30 119.27 119.31 119.23 119.13 119.08 119.20 119.14 119.18 119.13 119.09 119.08 119.08 119.01 118.93 119.15 119.13 119.22 119.32 119.49 119.56 119.65 119.68 119.83 120.11 119.99 120.09 120.05 120.35 120.61 120.70 120.73 120.83 120.80 120.85 120.84 120.79 120.81 120.82 120.83 120.80 120.75 120.75 120.81 120.72 120.61 120.60 120.58 120.59 120.60 120.62 120.65 120.60 120.64 120.64 120.54 120.57 120.40 120.27 120.26 120.22
-9999 -9999 -9999 -9999 -9999 -9999 -9999 -9999 119.47 119.29 119.34 119.30 119.29 119.30 119.22 119.22 119.27 119.23 119.16 119.13 119.10 119.11 119.17 119.24 119.08 119.18 119.09 119.13 119.26 119.53 119.56 119.64 119.82 119.84 120.08 120.01 120.11 120.10 120.34 120.60 120.75 120.78 120.83 120.80 120.87 120.85 120.80 120.81 120.81 120.83 120.78 120.74 120.82 120.85 120.75 120.64 120.63 120.60 120.62 120.63 120.65 120.69 120.59 120.64 120.55 120.62 120.39 120.33 120.26 120.15 120.21
-9999 -9999 -9999 -9999 -9999 -9999 -9999 -9999 119.43 119.37 119.56 119.54 119.46 119.30 119.27 119.29 119.32 119.27 119.17 119.09 119.10 119.19 119.18 119.32 119.02 119.07 119.13 119.08 119.37 119.58 119.66 119.79 119.94 119.99 120.14 119.99 120.15 120.03 120.25 120.59 120.71 120.81 120.82 120.80 120.89 120.86 120.81 120.81 120.80 120.83 120.78 120.73 120.88 120.85 120.76 120.68 120.69 120.60 120.63 120.62 120.63 120.66 120.59 120.58 120.69 120.41 120.40 120.18 120.18 120.24 120.16
-9999 -9999 -9999 -9999 -9999 -9999 -9999 -9999 119.40 119.61 119.61 119.65 119.52 119.33 119.28 119.28 119.23 119.35 119.20 119.17 119.19 119.21 119.16 118.94 119.07 118.99 119.05 119.07 119.31 119.60 119.68 119.81 120.05 120.03 120.13 120.06 120.15 120.05 120.21 120.68 120.73 120.76 120.75 120.77 120.77 120.75 120.76 120.74 120.78 120.72 120.74 120.76 120.75 120.75 120.75 120.71 120.64 120.61 120.62 120.61 120.61 120.56 120.58 120.65 120.42 120.43 120.14 120.22 120.23 120.15 120.11
-9999 -9999 -9999 -9999 -9999 -9999 -9999 -9999 119.39 119.56 119.56 119.57 119.34 119.28 119.32 119.27 119.30 119.23 119.19 119.24 119.17 119.20 119.18 119.05 118.99 119.07 119.11 119.18 119.42 119.60 119.75 119.89 120.10 120.05 120.10 120.17 120.15 120.11 120.22 120.70 120.70 120.73 120.73 120.72 120.72 120.75 120.75 120.75 120.76 120.73 120.76 120.76 120.65 120.68 120.69 120.66 120.59 120.58 120.61 120.57 120.55 120.67 120.60 120.36 120.39 120.11 120.21 120.22 120.14 120.18 120.17
-9999 -9999 -9999 -9999 -9999 -9999 -9999 119.41 119.42 119.46 119.47 119.37 119.38 119.33 119.35 119.37 119.31 119.26 119.24 119.18 119.20 119.20 119.17 119.06 119.07 119.03 119.02 119.16 119.32 119.48 119.61 119.96 120.12 120.10 120.10 120.21 120.17 120.13 120.22 120.71 120.71 120.73 120.71 120.71 120.75 120.73 120.74 120.73 120.72 120.70 120.71 120.77 120.63 120.62 120.67 120.66 120.61 120.59 120.60 120.57 120.71 120.41 120.35 120.39 120.17 120.22 120.24 120.06 120.32 120.36 120.29
-9999 -9999 -9999 -9999 -9999 -9999 -9999 119.44 119.34 119.45 119.43 119.40 119.40 119.32 119.33 119.29 119.30 119.28 119.27 119.22 119.19 119.34 119.10 119.15 119.07 119.09 119.10 119.17 119.37 119.52 119.62 119.91 119.90 120.00 120.11 120.21 120.16 120.16 120.20 120.69 120.73 120.74 120.73 120.72 120.71 120.71 120.74 120.73 120.73 120.71 120.71 120.74 120.63 120.66 120.64 120.68 120.59 120.64 120.74 120.66 120.40 120.35 120.21 120.21 120.25 120.21 119.97 120.35 120.34 120.36 120.35
-9999 -9999 -9999 -9999 -9999 -9999 -9999 119.45 119.53 119.45 119.45 119.34 119.41 119.37 119.32 119.30 119.33 119.28 119.28 119.28 119.29 119.29 119.11 119.14 119.13 119.21 119.16 119.27 119.27 119.59 119.99 119.83 119.86 119.99 120.18 120.24 120.16 120.23 120.23 120.63 120.66 120.72 120.73 120.67 120.74 120.68 120.73 120.72 120.71 120.71 120.67 120.75 120.65 120.62 120.61 120.61 120.61 120.65 120.63 120.36 120.40 120.14 120.21 120.26 120.21 120.16 120.28 120.42 120.30 120.38 120.50
-9999 -9999 -9999 -9999 -9999 -9999 -9999 119.47 119.56 119.49 119.55 119.43 119.39 119.38 119.36 119.38 119.28 119.27 119.28 119.25 119.24 119.19 119.31 119.24 119.22 119.19 119.19 119.28 119.32 119.55 119.66 119.86 120.04 120.01 120.19 120.24 120.19 120.24 120.22 120.50 120.74 120.70 120.71 120.72 120.71 120.71 120.74 120.71 120.72 120.70 120.71 120.75 120.64 120.60 120.66 120.65 120.75 120.59 120.36 120.36 120.13 120.26 120.26 120.15 120.35 120.44 120.35 120.33 120.38 120.48 120.59
-9999 -9999 -9999 -9999 -9999 -9999 -9999 119.65 119.60 119.54 119.57 119.51 119.35 119.40 119.39 119.36 119.33 119.27 119.29 119.26 119.28 119.18 119.36 119.27 119.22 119.29 119.25 119.31 119.32 119.48 119.68 119.81 120.11 120.09 120.14 120.25 120.25 120.26 120.12 120.35 120.81 120.75 120.74 120.73 120.73 120.74 120.73 120.73 120.71 120.73 120.68 120.75 120.67 120.67 120.68 120.70 120.45 120.37 120.27 120.22 120.27 120.27 120.18 120.40 120.41 120.41 120.36 120.40 120.41 120.55 120.53
-9999 -9999 -9999 -9999 -9999 -9999 -9999 119.68 119.66 119.56 119.59 119.54 119.43 119.46 119.36 119.43 119.37 119.31 119.28 119.29 119.21 119.19 119.25 119.27 119.26 119.33 119.28 119.32 119.31 119.36 119.72 119.82 120.05 120.07 120.19 120.35 120.39 120.31 120.21 120.35 120.89 120.73 120.73 120.72 120.76 120.78 120.75 120.74 120.72 120.71 120.73 120.76 120.63 120.72 120.60 120.46 120.48 120.24 120.27 120.29 120.25 120.11 120.43 120.54 120.39 120.42 120.45 120.48 120.51 120.52 120.51
-9999 -9999 -9999 -9999 -9999 -9999 -9999 119.68 119.68 119.70 119.61 119.58 119.51 119.41 119.40 119.47 119.39 119.32 119.30 119.32 119.35 119.19 119.30 119.28 119.25 119.31 119.30 119.32 119.32 119.44 119.68 119.70 119.71 120.16 120.15 120.28 120.37 120.29 120.25 120.33 120.80 120.76 120.78 120.81 120.87 120.80 120.79 120.75 120.77 120.79 120.78 120.68 120.77 120.64 120.49 120.49 120.26 120.32 120.34 120.28 120.30 120.44 120.44 120.45 120.44 120.48 120.45 120.53 120.49 120.48 120.46
-9999 -9999 -9999 -9999 -9999 -9999 -9999 119.69 119.67 119.52 119.60 119.58 119.53 119.49 119.44 119.40 119.42 119.41 119.35 119.35 119.36 119.34 119.29 119.32 119.31 119.31 119.28 119.34 119.38 119.50 119.65 119.71 119.87 120.13 120.17 120.22 120.34 120.27 120.28 120.34 120.59 120.62 120.72 120.81 120.77 120.77 120.77 120.84 120.81 120.80 120.76 120.82 120.56 120.45 120.53 120.29 120.35 120.35 120.30 120.30 120.35 120.33 120.39 120.43 120.56 120.61 120.59 120.50 120.45 120.37 120.48
-9999 -9999 -9999 -9999 -9999 -9999 -9999 119.69 119.67 119.63 119.54 119.60 119.57 119.46 119.46 119.32 119.35 119.38 119.36 119.38 119.29 119.28 119.29 119.28 119.27 119.34 119.38 119.46 119.43 119.52 119.63 119.72 119.85 120.08 120.18 120.18 120.32 120.25 120.33 120.35 120.49 120.55 120.62 120.70 120.71 120.76 120.77 120.79 120.76 120.69 120.78 120.57 120.56 120.35 120.37 120.41 120.36 120.30 120.24 120.28 120.38 120.33 120.40 120.54 120.56 120.63 120.48 120.44 120.39 120.48 120.53
-9999 -9999 -9999 -9999 -9999 -9999 -9999 119.71 119.73 119.62 119.71 119.62 119.62 119.49 119.36 119.38 119.33 119.29 119.28 119.33 119.30 119.23 119.30 119.26 119.31 119.37 119.40 119.39 119.66 119.58 119.66 119.79 120.06 120.09 120.25 120.48 120.38 120.22 120.35 120.27 120.38 120.62 120.71 120.70 120.69 120.72 120.75 120.86 120.79 120.64 120.61 120.57 120.33 120.43 120.45 120.32 120.38 120.43 120.38 120.10 120.26 120.35 120.46 120.57 120.54 120.47 120.49 120.36 120.39 120.43 120.48
-9999 -9999 -9999 -9999 -9999 -9999 -9999 119.78 119.74 119.67 119.67 119.66 119.61 119.44 119.55 119.41 119.51 119.40 119.35 119.60 119.33 119.31 119.35 119.33 119.41 119.38 119.37 119.43 119.64 119.65 119.69 119.84 120.04 120.11 120.28 120.28 120.36 120.29 120.37 120.29 120.46 120.65 120.68 120.66 120.68 120.93 120.70 120.66 120.64 120.56 120.37 120.43 120.47 120.46 120.41 120.54 120.55 120.42 120.34 120.25 120.21 120.23 120.34 120.48 120.53 120.44 120.36 120.38 120.34 120.33 120.36
-9999 -9999 -9999 -9999 -9999 -9999 -9999 119.84 119.83 119.76 119.79 119.76 119.56 119.72 119.64 119.49 119.59 119.47 119.49 119.87 119.42 119.36 119.37 119.38 119.33 119.41 119.31 119.44 119.62 119.60 119.78 119.94 120.01 120.05 120.14 120.30 120.41 120.44 120.36 120.34 120.46 120.58 120.71 120.70 120.65 120.65 120.63 120.63 120.45 120.39 120.46 120.47 120.42 120.55 120.57 120.58 120.49 120.47 120.54 120.49 120.25 120.27 120.19 120.44 120.44 120.37 120.34 120.49 120.37 120.34 120.45
-9999 -9999 -9999 -9999 -9999 -9999 -9999 119.95 119.86 119.82 119.82 119.78 119.66 119.75 119.61 119.53 119.54 119.59 119.53 119.36 119.50 119.47 119.44 119.39 119.49 119.47 119.48 119.44 119.49 119.64 119.81 119.95 119.99 120.04 120.24 120.25 120.44 120.35 120.41 120.36 120.44 120.56 120.57 120.58 120.64 120.67 120.46 120.44 120.49 120.50 120.41 120.34 120.46 120.58 120.56 120.54 120.53 120.64 120.66 120.49 120.35 120.18 120.23 120.24 120.40 120.41 120.40 120.40 120.37 120.46 120.58
-9999 -9999 -9999 -9999 -9999 -9999 -9999 119.90 119.93 119.85 119.86 119.84 119.68 119.71 119.64 119.69 119.56 119.58 119.51 119.53 119.57 119.45 119.39 119.48 119.62 119.44 119.48 119.49 119.64 119.72 119.78 119.96 119.94 120.05 120.19 120.24 120.37 120.41 120.41 120.46 120.57 120.67 120.47 120.46 120.44 120.49 120.53 120.51 120.41 120.44 120.61 120.72 120.58 120.59 120.63 120.60 120.62 120.73 120.65 120.49 120.44 120.29 120.19 120.24 120.27 120.41 120.46 120.44 120.43 120.49 120.51
-9999 -9999 -9999 -9999 -9999 -9999 -9999 120.15 120.16 120.11 119.99 119.92 119.79 119.76 119.68 119.63 119.62 119.59 119.55 119.57 119.53 119.57 119.55 119.47 119.49 119.50 119.48 119.60 119.48 119.62 119.66 119.94 120.02 120.09 120.22 120.29 120.38 120.48 120.43 120.52 120.51 120.47 120.50 120.53 120.57 120.56 120.46 120.51 120.65 120.64 120.62 120.67 120.63 120.63 120.67 120.71 120.63 120.64 120.69 120.60 120.55 120.47 120.28 120.23 120.10 120.27 120.40 120.50 120.50 120.51 120.63
-9999 -9999 -9999 -9999 -9999 -9999 -9999 120.15 120.09 120.10 120.14 120.14 120.11 119.98 119.73 119.64 119.69 119.63 119.63 119.58 119.62 119.57 119.60 119.70 119.50 119.60 119.49 119.52 119.55 119.56 119.91 119.73 119.80 120.19 120.24 120.35 120.44 120.50 120.39 120.53 120.59 120.58 120.58 120.51 120.46 120.59 120.65 120.68 120.64 120.63 120.67 120.68 120.69 120.70 120.69 120.60 120.70 120.53 120.62 120.66 120.58 120.54 120.34 120.21 120.23 120.21 120.27 120.48 120.51 120.63 120.68
-9999 -9999 -9999 -9999 -9999 -9999 -9999 120.13 120.08 120.10 120.12 120.10 120.04 120.11 120.06 120.03 119.91 119.77 119.68 119.69 119.67 119.64 119.68 119.56 119.51 119.51 119.49 119.63 119.54 119.56 119.76 119.55 119.75 119.90 120.14 120.42 120.56 120.49 120.40 120.51 120.56 120.52 120.44 120.48 120.64 120.61 120.65 120.61 120.71 120.72 120.80 120.89 120.83 120.74 120.67 120.63 120.67 120.57 120.54 120.64 120.61 120.52 120.34 120.28 120.21 120.15 120.23 120.37 120.49 120.68 120.64
-9999 -9999 -9999 -9999 -9999 -9999 -9999 120.05 120.09 120.07 120.01 120.03 119.94 119.91 119.93 120.04 120.00 120.06 120.03 119.92 119.95 119.75 119.68 119.64 119.60 119.55 119.54 119.50 119.51 119.68 119.56 119.49 119.68 119.79 120.09 120.39 120.53 120.53 120.51 120.50 120.52 120.43 120.67 120.60 120.67 120.64 120.67 120.68 120.82 120.78 120.82 120.89 120.82 120.83 120.66 120.69 120.66 120.57 120.53 120.67 120.68 120.54 120.52 120.37 120.22 120.20 120.08 120.28 120.40 120.47 120.57
-9999 -9999 -9999 -9999 -9999 -9999 -9999 120.04 120.03 120.09 120.13 120.06 120.00 119.97 119.93 119.89 119.95 119.87 119.94 119.95 120.00 119.98 119.98 119.90 119.86 119.73 119.60 119.59 119.56 119.81 119.52 119.57 119.61 119.85 120.04 120.35 120.45 120.53 120.50 120.53 120.52 120.54 120.64 120.61 120.67 120.71 120.73 120.86 120.76 120.76 120.79 120.86 120.90 120.93 120.70 120.64 120.68 120.64 120.58 120.52 120.65 120.60 120.52 120.39 120.27 120.09 120.20 120.24 120.31 120.41 120.43
-9999 -9999 -9999 -9999 -9999 -9999 -9999 120.02 120.12 120.08 120.04 119.97 119.93 119.97 119.95 119.94 119.90 119.92 119.88 120.02 119.98 119.84 119.84 120.00 119.98 120.05 119.98 119.89 119.66 119.81 119.62 119.64 119.67 119.87 119.96 120.33 120.41 120.42 120.50 120.49 120.48 120.50 120.57 120.74 120.79 120.83 120.71 120.75 120.68 120.72 120.71 120.77 120.81 120.81 120.81 120.65 120.63 120.59 120.62 120.62 120.72 120.66 120.64 120.47 120.38 120.22 120.16 120.17 120.26 120.43 120.36
