sem5/geodane/nmtwroc/73679_1014207_M-33-35-C-a-3-3.asc
ncols         450
nrows         475
xllcenter     359965
yllcenter     359240
cellsize      5
nodata_value  -9999
[rows 96 to 127 of 475, columns 0 to 70 of 450]
-9999 -9999 -9999 -9999 -9999 -9999 -9999 -9999 -9999 -9999 119.98 120.08 120.13 120.11 119.99 119.96 119.92 119.92 119.75 119.72 119.68 119.61 119.49 119.41 119.36 119.58 119.86 119.88 119.88 119.77 119.70 119.52 119.45 119.45 119.21 119.28 119.33 119.39 119.42 119.46 119.51 119.49 119.47 119.43 119.43 119.30 119.33 119.25 119.19 119.41 119.31 119.38 119.44 119.46 119.50 119.51 119.56 119.60 119.53 119.63 119.61 119.77 119.68 119.79 119.65 119.72 119.85 120.01 120.00 119.99 120.00
-9999 -9999 -9999 -9999 -9999 -9999 -9999 -9999 -9999 -9999 120.32 120.14 120.08 120.09 120.01 119.91 120.00 119.94 119.88 119.81 119.74 119.59 119.47 119.35 119.35 119.42 119.85 119.69 119.48 119.51 119.51 119.24 119.26 119.28 119.31 119.36 119.41 119.46 119.51 119.53 119.51 119.49 119.48 119.42 119.33 119.28 119.41 119.39 119.41 119.45 119.46 119.49 119.56 119.60 119.54 119.52 119.54 119.56 119.54 119.58 119.62 119.82 119.83 119.78 119.67 119.70 119.76 119.91 119.99 119.95 120.00
-9999 -9999 -9999 -9999 -9999 -9999 -9999 -9999 -9999 120.19 120.37 120.12 120.06 120.15 120.03 119.97 120.07 119.89 119.93 119.84 119.70 119.56 119.46 119.31 119.41 119.31 119.46 119.55 119.33 119.33 119.33 119.33 119.34 119.38 119.44 119.45 119.50 119.49 119.50 119.67 119.48 119.42 119.35 119.31 119.50 119.50 119.49 119.51 119.53 119.57 119.54 119.57 119.48 119.53 119.55 119.50 119.57 119.64 119.59 119.42 119.41 119.73 119.89 119.84 119.75 119.76 119.79 119.87 119.92 119.90 119.97
-9999 -9999 -9999 -9999 -9999 -9999 -9999 -9999 -9999 120.24 120.24 120.12 120.13 120.11 120.08 120.03 119.93 119.91 119.81 119.81 119.61 119.50 119.61 119.44 119.42 119.39 119.39 119.43 119.40 119.42 119.48 119.48 119.46 119.48 119.45 119.44 119.62 119.45 119.42 119.38 119.36 119.51 119.51 119.54 119.54 119.71 119.59 119.61 119.61 119.61 119.47 119.50 119.46 119.52 119.57 119.47 119.35 119.33 119.34 119.41 119.42 119.66 119.76 119.85 119.67 119.75 119.71 119.73 119.76 119.89 119.89
-9999 -9999 -9999 -9999 -9999 -9999 -9999 -9999 -9999 120.23 120.31 120.18 120.07 120.00 119.91 119.95 119.72 119.99 119.74 119.68 119.48 119.37 119.49 119.36 119.43 119.45 119.47 119.49 119.53 119.53 119.54 119.50 119.49 119.60 119.45 119.36 119.36 119.33 119.49 119.51 119.58 119.61 119.70 119.81 119.68 119.56 119.61 119.54 119.63 119.77 119.60 119.37 119.39 119.25 119.30 119.34 119.44 119.60 119.65 119.50 119.53 119.60 119.82 119.82 119.66 119.80 119.83 119.77 119.78 119.80 119.83
-9999 -9999 -9999 -9999 -9999 -9999 -9999 -9999 -9999 120.23 120.21 120.17 120.16 120.08 119.97 119.89 119.67 119.60 119.51 119.41 119.31 119.36 119.44 119.46 119.52 119.57 119.60 119.60 119.59 119.53 119.70 119.48 119.44 119.36 119.31 119.31 119.47 119.51 119.60 119.70 119.75 119.72 119.61 119.50 119.41 119.50 119.49 119.49 119.57 119.38 119.16 119.19 119.26 119.36 119.54 119.65 119.56 119.58 119.73 119.64 119.75 119.66 119.85 119.83 119.77 119.78 119.75 119.75 119.77 119.80 119.78
-9999 -9999 -9999 -9999 -9999 -9999 -9999 -9999 -9999 120.11 120.22 120.04 120.01 119.78 119.64 119.59 119.53 119.36 119.35 119.37 119.37 119.44 119.57 119.56 119.60 119.59 119.59 119.60 119.63 119.49 119.43 119.39 119.34 119.46 119.50 119.51 119.76 119.86 119.78 119.73 119.56 119.49 119.43 119.36 119.31 119.39 119.39 119.36 119.29 119.27 119.26 119.59 119.61 119.63 119.65 119.64 119.56 119.54 119.69 119.62 119.63 119.61 119.73 119.83 119.79 119.70 119.88 119.81 119.81 119.79 119.79
-9999 -9999 -9999 -9999 -9999 -9999 -9999 -9999 -9999 119.88 119.80 119.68 119.59 119.58 119.52 119.37 119.39 119.43 119.45 119.64 119.48 119.50 119.56 119.54 119.53 119.57 119.54 119.50 119.48 119.34 119.43 119.54 119.54 119.63 119.87 119.88 119.77 119.64 119.56 119.54 119.44 119.48 119.46 119.50 119.62 119.72 119.66 119.58 119.51 119.35 119.60 119.65 119.60 119.50 119.57 119.58 119.57 119.50 119.62 119.63 119.56 119.65 119.68 119.82 119.84 119.70 119.75 119.78 119.76 119.72 119.79
-9999 -9999 -9999 -9999 -9999 -9999 -9999 -9999 -9999 119.68 119.60 119.51 119.34 119.38 119.45 119.47 119.69 119.56 119.50 119.51 119.50 119.47 119.46 119.47 119.45 119.47 119.48 119.44 119.52 119.48 119.58 119.86 119.77 119.81 119.73 119.62 119.58 119.53 119.55 119.55 119.55 119.69 119.79 119.78 119.82 119.82 119.78 119.75 119.59 119.48 119.56 119.58 119.57 119.60 119.64 119.63 119.56 119.53 119.58 119.60 119.60 119.69 119.61 119.81 119.79 119.77 119.76 119.87 119.84 119.72 119.79
-9999 -9999 -9999 -9999 -9999 -9999 -9999 -9999 -9999 119.27 119.34 119.37 119.43 119.64 119.72 119.59 119.57 119.53 119.50 119.44 119.40 119.36 119.34 119.31 119.30 119.37 119.41 119.36 119.38 119.48 119.60 119.75 119.70 119.65 119.59 119.62 119.62 119.63 119.74 119.77 119.85 119.84 119.88 119.79 119.91 119.88 119.90 119.93 119.86 119.58 119.67 119.67 119.60 119.71 119.67 119.68 119.60 119.55 119.57 119.63 119.66 119.68 119.67 119.57 119.46 119.81 119.68 119.71 119.82 119.78 119.70
-9999 -9999 -9999 -9999 -9999 -9999 -9999 -9999 -9999 119.38 119.57 119.64 119.53 119.55 119.55 119.56 119.49 119.47 119.40 119.34 119.31 119.37 119.33 119.34 119.38 119.30 119.33 119.34 119.42 119.48 119.52 119.61 119.67 119.68 119.69 119.84 119.86 119.89 119.83 119.88 119.86 119.88 119.87 119.87 119.89 119.91 119.89 119.92 119.73 119.62 119.52 119.73 119.65 119.76 119.73 119.73 119.68 119.62 119.58 119.67 119.65 119.74 119.66 119.28 119.43 119.87 119.70 119.83 119.82 119.79 119.69
-9999 -9999 -9999 -9999 -9999 -9999 -9999 -9999 -9999 119.46 119.48 119.51 119.49 119.48 119.45 119.44 119.41 119.37 119.30 119.47 119.52 119.55 119.58 119.53 119.48 119.38 119.29 119.33 119.32 119.39 119.53 119.70 119.88 119.88 119.92 119.95 119.91 119.88 119.75 119.87 119.85 119.84 119.82 119.87 119.83 119.67 119.70 119.68 119.86 119.72 119.55 119.77 119.72 119.64 119.66 119.72 119.68 119.68 119.62 119.65 119.68 119.74 120.29 119.97 119.76 119.76 119.73 119.81 119.79 119.75 119.66
-9999 -9999 -9999 -9999 -9999 -9999 -9999 -9999 -9999 119.46 119.43 119.41 119.41 119.37 119.38 119.35 119.53 119.54 119.61 119.66 119.71 119.74 119.74 119.57 119.76 119.47 119.27 119.40 119.28 119.46 119.61 119.92 119.98 119.91 119.87 119.94 119.96 119.85 119.85 119.86 119.87 119.87 119.73 119.66 119.67 119.64 119.69 119.80 119.81 119.83 119.59 119.64 119.70 119.81 119.76 119.73 119.60 119.61 119.70 119.75 119.83 120.21 120.36 120.16 119.68 119.73 119.74 119.77 119.85 119.77 119.65
-9999 -9999 -9999 -9999 -9999 -9999 -9999 -9999 -9999 119.36 119.31 119.31 119.29 119.49 119.52 119.58 119.69 119.72 119.73 119.84 119.73 119.73 119.68 119.62 119.59 119.55 119.46 119.41 119.33 119.53 119.64 119.84 119.88 119.89 119.84 119.86 119.87 119.88 119.86 119.74 119.81 119.69 119.65 119.65 119.64 119.69 119.72 119.74 119.72 119.72 119.74 119.56 119.74 119.76 119.72 119.71 119.64 119.63 119.65 119.68 119.71 119.98 120.12 120.08 119.62 119.76 119.85 119.66 119.77 119.75 119.65
-9999 -9999 -9999 -9999 -9999 -9999 -9999 -9999 -9999 119.44 119.47 119.55 119.61 119.65 119.64 119.67 119.75 119.69 119.73 119.73 119.79 119.80 119.77 119.67 119.70 119.57 119.45 119.37 119.38 119.42 119.67 119.72 119.75 119.78 119.80 119.72 119.69 119.75 119.75 119.80 119.74 119.73 119.66 119.68 119.68 119.68 119.74 119.82 119.83 119.82 119.77 119.54 119.75 119.68 119.77 119.67 119.67 119.54 119.71 119.73 119.81 119.91 119.86 119.84 119.72 119.83 119.73 119.70 119.71 119.77 119.58
-9999 -9999 -9999 -9999 -9999 -9999 -9999 -9999 -9999 119.62 119.66 119.81 119.79 119.79 119.81 119.78 119.77 119.79 119.88 119.90 119.79 119.76 119.61 119.77 119.62 119.75 119.56 119.38 119.39 119.37 119.62 119.80 119.71 119.65 119.70 119.69 119.67 119.80 119.71 119.71 119.70 119.72 119.67 119.74 120.06 119.88 119.83 119.88 119.84 119.81 119.82 119.53 119.61 119.62 119.64 119.51 119.71 118.38 119.61 119.69 119.77 119.82 119.65 119.67 119.63 119.65 119.75 119.80 119.73 119.71 119.58
-9999 -9999 -9999 -9999 -9999 -9999 -9999 -9999 -9999 119.85 119.73 119.83 119.80 119.78 119.79 119.83 119.88 119.87 119.86 119.87 119.73 119.74 119.83 119.78 119.66 119.76 119.59 119.33 119.42 119.34 119.54 119.68 119.75 119.76 119.70 119.69 119.75 119.66 119.72 119.73 119.73 119.89 119.92 120.01 119.91 119.91 119.83 119.91 119.86 119.87 119.77 119.48 119.56 119.76 119.54 119.58 119.68 118.83 119.23 119.66 119.73 119.68 119.64 119.67 119.62 119.63 119.69 119.75 119.63 119.66 119.51
-9999 -9999 -9999 -9999 -9999 -9999 -9999 -9999 -9999 119.83 119.67 119.76 119.80 119.87 119.81 119.84 119.96 119.91 119.84 119.91 119.80 119.71 119.82 119.88 119.67 119.69 119.57 119.32 119.38 119.34 119.66 119.64 119.79 119.66 119.72 119.70 119.68 119.74 119.85 119.89 119.87 119.83 119.85 119.91 119.85 119.85 119.85 119.88 119.84 119.72 119.75 119.59 119.40 119.80 119.64 119.55 119.66 119.31 119.27 119.64 119.62 119.59 119.62 119.61 119.65 119.69 119.69 119.64 119.55 119.43 119.12
-9999 -9999 -9999 -9999 -9999 -9999 -9999 -9999 -9999 119.77 119.77 119.86 119.89 119.93 119.91 119.84 120.05 118.66 119.86 119.94 119.82 119.86 119.78 119.81 119.74 119.77 119.66 119.33 119.37 119.37 119.60 119.59 119.75 119.69 119.70 119.78 119.78 119.81 119.85 120.00 119.87 119.79 119.82 119.88 119.92 119.92 119.82 119.74 119.71 119.77 119.74 119.68 119.46 119.62 119.64 119.66 119.64 119.67 119.59 119.56 119.54 119.60 119.60 119.58 119.68 119.64 119.64 119.66 119.63 119.53 119.28
-9999 -9999 -9999 -9999 -9999 -9999 -9999 -9999 -9999 119.81 119.80 119.83 119.93 119.94 119.94 119.89 119.90 119.90 119.86 119.87 119.89 119.83 119.82 119.86 119.82 119.71 119.69 119.50 119.29 119.39 119.26 119.55 119.73 119.78 119.76 119.80 119.85 119.78 119.83 119.73 119.85 119.96 119.96 119.78 119.73 119.74 119.69 119.71 119.70 119.70 119.72 119.76 119.40 119.49 119.56 119.59 119.57 119.66 119.57 119.55 119.60 119.52 119.55 119.68 119.68 119.66 119.60 119.55 119.52 119.43 119.26
-9999 -9999 -9999 -9999 -9999 -9999 -9999 -9999 -9999 119.82 119.72 119.82 119.87 119.97 120.03 119.95 119.89 119.87 119.88 119.84 119.88 119.72 119.82 120.00 119.95 119.73 119.74 119.52 119.27 119.39 119.35 119.48 119.71 119.77 119.68 119.75 119.75 119.85 119.80 119.76 119.79 119.79 119.71 119.75 119.78 119.75 119.70 119.72 119.71 119.68 119.65 119.71 119.67 119.31 119.59 119.60 119.59 119.58 119.69 119.60 119.64 119.55 119.57 119.48 119.39 119.41 119.44 119.54 119.56 119.57 119.46
-9999 -9999 -9999 -9999 -9999 -9999 -9999 -9999 -9999 119.77 119.82 119.84 119.96 119.93 119.99 120.00 119.92 119.90 119.88 119.88 119.85 119.82 119.86 119.95 119.97 119.75 119.76 119.69 119.34 119.37 119.38 119.34 119.64 119.73 119.66 119.77 119.70 119.72 119.77 119.80 119.82 119.97 119.82 119.75 119.75 119.80 119.73 119.69 119.74 119.78 119.76 119.74 119.72 119.30 119.54 119.55 119.57 119.54 119.64 119.60 119.44 119.32 119.29 119.33 119.41 119.46 119.47 119.62 119.62 119.58 119.50
-9999 -9999 -9999 -9999 -9999 -9999 -9999 -9999 -9999 119.77 119.82 119.80 119.89 120.00 119.99 119.96 120.01 119.89 119.87 119.84 119.87 119.85 119.76 119.88 119.88 119.81 119.75 119.75 119.39 119.36 119.39 119.37 119.54 119.57 119.64 119.72 119.88 119.78 119.73 119.76 119.79 119.80 119.71 119.72 119.72 119.76 119.87 119.92 119.87 119.85 119.73 119.69 119.64 119.46 119.36 119.52 119.48 119.44 119.35 119.24 119.22 119.26 119.43 119.52 119.60 119.57 119.62 119.65 119.83 119.65 119.50
-9999 -9999 -9999 -9999 -9999 -9999 -9999 -9999 -9999 119.83 119.82 119.74 119.90 120.02 120.12 119.97 119.94 119.95 119.89 119.86 120.00 119.86 119.85 119.85 119.89 119.82 119.73 119.63 119.77 119.36 119.39 119.33 119.52 119.74 119.64 119.63 119.71 119.71 119.80 119.76 119.72 119.71 119.71 119.74 119.87 119.88 119.83 119.73 119.82 119.74 119.68 119.67 119.61 119.60 119.26 119.37 119.39 119.10 119.18 119.42 119.45 119.56 119.59 119.60 119.68 119.65 119.66 119.68 119.75 119.63 119.56
-9999 -9999 -9999 -9999 -9999 -9999 -9999 -9999 -9999 119.84 120.00 119.89 119.93 119.96 119.94 119.98 119.97 119.89 119.92 119.85 119.89 119.85 119.87 119.75 119.94 119.86 119.80 119.74 119.82 119.37 119.42 119.38 119.47 119.62 119.69 119.77 119.65 119.67 119.71 119.71 119.75 119.84 119.83 119.81 119.90 119.77 119.78 119.68 119.69 119.63 119.64 119.67 119.46 119.36 119.24 119.24 119.36 119.41 119.51 119.54 119.59 119.64 119.55 119.52 119.63 119.68 119.67 119.68 119.65 119.64 119.62
-9999 -9999 -9999 -9999 -9999 -9999 -9999 -9999 -9999 119.89 119.93 119.88 119.86 119.96 119.92 120.14 119.99 120.04 119.92 119.86 119.86 120.02 119.86 119.85 119.85 119.94 119.76 119.89 119.79 119.59 119.40 119.38 119.41 119.60 119.70 119.69 119.70 119.75 119.79 119.81 119.83 119.83 119.82 119.76 119.85 119.81 119.63 119.66 119.66 119.57 119.51 119.49 119.33 119.28 119.45 119.42 119.51 119.63 119.60 119.69 119.66 119.63 119.55 119.51 119.61 119.66 119.62 119.80 119.63 119.67 119.64
-9999 -9999 -9999 -9999 -9999 -9999 -9999 -9999 -9999 119.82 119.90 119.93 119.82 119.91 119.86 119.95 119.90 119.98 120.07 119.91 119.90 119.96 119.87 119.86 119.84 119.88 119.82 119.77 119.67 119.63 119.35 119.41 119.38 119.54 119.68 119.70 119.78 119.77 119.80 119.79 119.81 119.85 119.78 119.72 119.72 119.69 119.49 119.50 119.33 119.30 119.32 119.47 119.50 119.61 119.61 119.57 119.56 119.53 119.60 119.61 119.66 119.57 119.52 119.53 119.55 119.64 119.74 119.78 119.63 119.70 119.68
-9999 -9999 -9999 -9999 -9999 -9999 -9999 -9999 -9999 119.87 119.88 119.85 119.86 119.92 120.01 120.05 119.93 119.98 119.98 119.93 119.92 119.97 119.90 119.90 119.06 119.56 119.92 119.80 119.75 119.74 119.30 119.42 119.27 119.52 119.77 119.84 119.77 119.82 119.80 119.72 119.80 119.69 119.68 119.57 119.50 119.31 119.26 119.28 119.40 119.47 119.64 119.59 119.64 119.62 119.56 119.57 119.57 119.55 119.59 119.65 119.70 119.52 119.51 119.50 119.54 119.56 119.72 119.76 119.68 119.64 119.68
-9999 -9999 -9999 -9999 -9999 -9999 -9999 -9999 -9999 119.94 119.87 119.81 119.85 119.86 119.88 120.04 120.02 119.99 120.01 119.97 119.96 119.92 119.88 119.92 119.93 119.93 119.87 119.83 119.73 119.73 119.57 119.36 119.34 119.43 119.68 119.77 119.79 119.78 119.71 119.67 119.67 119.49 119.28 119.25 119.23 119.37 119.44 119.54 119.56 119.58 119.49 119.48 119.46 119.49 119.46 119.54 119.57 119.57 119.65 119.60 119.56 119.55 119.51 119.46 119.53 119.59 119.67 119.72 119.69 119.57 119.65
-9999 -9999 -9999 -9999 -9999 -9999 -9999 -9999 -9999 119.91 119.82 119.78 119.85 119.81 119.85 119.98 120.01 120.03 119.89 120.07 119.89 119.89 119.96 119.85 119.92 119.95 119.93 119.84 119.71 119.77 119.73 119.32 119.34 119.34 119.53 119.76 119.68 119.70 119.52 119.36 119.29 119.32 119.30 119.46 119.54 119.56 119.55 119.54 119.62 119.43 119.53 119.54 119.54 119.58 119.47 119.55 119.57 119.58 119.61 119.56 119.62 119.56 119.49 119.52 119.55 119.48 119.57 119.57 119.58 119.56 119.71
-9999 -9999 -9999 -9999 -9999 -9999 -9999 -9999 -9999 119.93 119.87 119.80 119.81 119.89 119.94 120.07 119.98 119.94 119.97 120.00 119.89 119.95 119.93 120.00 119.91 119.93 119.88 119.88 119.76 119.72 119.71 119.23 119.37 119.29 119.44 119.50 119.47 119.36 119.32 119.35 119.49 119.55 119.56 119.63 119.64 119.48 119.58 119.62 119.47 119.42 119.43 119.52 119.58 119.58 119.49 119.50 119.57 119.58 119.59 119.56 119.59 119.59 119.53 119.62 119.59 119.53 119.51 119.54 119.58 119.62 119.71
-9999 -9999 -9999 -9999 -9999 -9999 -9999 -9999 -9999 119.91 119.84 119.86 119.87 119.96 119.84 119.94 119.93 119.95 119.98 119.93 119.91 119.92 119.95 119.93 119.92 119.97 120.01 119.85 119.70 119.54 119.52 119.27 119.37 119.40 119.37 119.43 119.39 119.52 119.55 119.64 119.56 119.56 119.65 119.59 119.44 119.54 119.55 119.47 119.45 119.46 119.48 119.54 119.61 119.59 119.56 119.57 119.56 119.58 119.51 119.51 119.53 119.56 119.51 119.54 119.55 119.58 119.55 119.58 119.58 119.71 119.77
