sem5/geodane/nmtwroc/73679_1014207_M-33-35-C-a-3-3.asc
ncols         450
nrows         475
xllcenter     359965
yllcenter     359240
cellsize      5
nodata_value  -9999
[rows 96 to 127 of 475, columns 71 to 141 of 450]
120.04 119.87 119.77 119.80 119.76 119.77 119.80 119.75 119.85 119.72 119.31 118.87 118.72 118.81 118.68 119.04 119.49 120.08 120.08 120.09 120.09 120.16 120.13 120.07 120.09 120.07 120.10 120.06 120.03 120.02 119.89 119.39 119.11 119.08 119.05 119.33 119.44 119.43 119.33 119.27 119.03 118.88 118.91 119.04 119.09 119.08 119.01 118.87 118.72 118.80 118.62 118.64 118.67 118.58 118.64 118.69 118.70 118.67 118.58 118.67 118.76 118.89 118.89 118.71 119.05 119.02 119.07 119.07 119.12 119.11 119.25
120.05 119.90 119.87 119.83 119.89 120.09 120.10 119.94 119.85 119.82 119.46 119.03 118.74 118.85 118.77 119.17 119.11 120.08 120.14 120.05 120.06 120.09 120.06 120.04 120.03 120.00 119.99 120.05 120.05 120.04 119.97 119.76 119.11 119.14 119.03 119.54 119.31 119.21 119.27 119.27 118.96 118.84 118.97 119.01 118.99 118.97 118.94 118.82 118.84 118.78 118.59 118.77 118.87 118.83 118.78 118.73 118.61 118.67 118.70 118.70 118.64 118.57 118.74 118.80 118.92 118.93 119.04 118.97 119.05 119.06 119.19
119.98 119.96 119.87 119.87 119.91 120.13 120.16 120.07 119.97 119.88 119.66 119.39 118.88 118.84 118.84 118.92 119.07 120.03 120.07 120.05 120.10 120.08 120.05 120.00 120.01 120.01 119.99 120.03 119.98 119.89 119.95 119.91 119.13 119.08 119.10 119.42 119.38 119.10 119.26 119.16 118.98 118.81 119.00 119.00 119.05 119.01 119.01 118.77 118.82 118.73 118.70 118.82 118.94 118.92 119.13 118.85 118.81 118.73 118.58 118.58 118.67 118.69 118.66 118.61 118.69 118.75 118.85 118.89 118.90 119.02 119.11
119.96 119.92 119.93 119.93 119.90 120.11 120.30 120.21 120.09 119.97 119.79 119.54 118.92 118.79 118.85 118.77 119.02 119.60 120.12 120.02 120.04 120.09 120.06 120.07 120.06 120.02 119.98 119.84 119.85 119.77 119.83 119.82 119.14 119.18 119.30 119.20 119.40 119.50 119.31 119.07 118.96 118.92 119.05 119.04 119.04 119.22 119.13 118.73 118.77 118.67 118.80 118.90 118.91 118.96 118.89 118.90 118.97 118.84 118.75 118.71 118.68 118.56 118.67 118.71 118.67 118.65 118.58 118.72 118.79 118.91 118.96
119.85 119.81 119.88 119.93 119.94 120.07 120.19 120.24 120.14 120.03 119.81 119.54 119.13 118.83 118.87 118.90 119.23 119.18 120.09 120.03 120.11 120.08 120.12 120.16 120.04 119.96 119.94 119.91 119.92 119.87 119.81 119.80 119.74 119.50 119.58 119.50 119.47 119.30 119.23 119.17 118.90 118.99 119.13 119.10 119.38 119.48 119.03 118.80 118.78 118.71 118.87 118.98 119.05 118.97 118.94 118.94 118.92 118.86 118.75 118.81 118.83 118.84 118.71 118.66 118.62 118.66 118.71 118.67 118.62 118.59 118.69
119.77 119.92 119.88 119.95 119.97 120.02 120.17 120.16 120.11 120.00 119.77 119.67 119.39 118.87 118.92 118.92 118.97 119.13 119.97 120.06 120.13 120.16 120.17 120.05 120.01 119.94 119.87 119.90 120.01 119.93 119.88 119.90 119.83 119.78 119.75 119.61 119.44 119.19 119.12 119.10 118.92 119.09 119.20 119.43 119.72 119.63 118.71 118.85 118.71 118.76 118.93 119.15 119.06 119.00 118.92 118.86 118.91 118.70 118.83 118.84 118.84 119.12 118.60 118.67 118.78 118.71 118.58 118.64 118.65 118.65 118.63
119.78 119.82 119.88 119.99 119.97 119.95 119.99 119.95 119.88 119.82 119.72 119.54 119.25 118.99 118.86 118.97 118.86 119.12 119.63 120.12 120.00 120.08 120.10 119.99 119.93 119.90 119.89 120.02 120.04 119.95 119.91 120.06 119.96 119.84 119.41 119.71 119.40 119.29 119.22 119.07 118.98 119.19 119.47 119.73 119.94 119.58 118.79 118.80 118.63 118.85 119.00 119.15 118.85 119.05 118.91 118.76 118.71 118.70 118.84 118.88 118.99 118.72 118.31 118.85 118.86 118.86 118.83 118.75 118.66 118.52 118.62
119.81 119.79 119.84 119.89 119.90 119.93 119.96 119.85 119.80 119.74 119.64 119.61 119.41 119.23 118.97 119.01 118.99 119.26 119.23 120.11 120.11 120.01 119.99 119.98 119.92 119.90 119.86 119.85 119.97 119.96 119.93 120.22 119.83 119.85 119.46 119.62 119.35 119.23 119.21 119.02 119.09 119.24 119.62 119.86 119.92 119.11 118.84 118.81 118.74 118.91 119.12 119.25 119.31 119.21 119.01 118.79 118.72 118.77 118.77 118.80 118.61 118.32 118.02 118.90 118.90 118.99 118.96 118.92 118.84 118.78 118.71
119.76 119.78 119.85 119.93 119.86 119.86 119.94 119.81 119.84 119.75 119.56 119.68 119.43 119.37 118.98 119.01 119.03 119.06 119.20 120.10 119.93 119.99 119.96 119.97 119.96 119.88 119.76 119.76 119.76 119.68 119.81 120.36 119.85 119.71 119.58 119.57 119.35 119.26 119.22 119.03 119.27 119.37 119.71 120.03 119.86 118.74 118.91 118.80 118.87 119.16 119.26 119.36 119.25 119.21 119.20 118.96 118.78 118.77 118.78 118.85 118.79 118.97 118.90 118.98 119.01 119.12 119.09 119.02 118.92 118.90 118.94
119.80 119.84 119.89 119.90 119.84 119.75 119.73 119.67 119.72 119.67 119.53 119.57 119.35 119.31 119.07 118.95 119.10 118.93 119.17 119.66 119.94 119.97 119.95 119.84 119.74 119.74 119.79 119.78 119.73 119.65 119.64 119.65 119.61 119.60 119.56 119.40 119.41 119.33 119.18 119.11 119.37 119.49 119.81 119.97 119.55 118.88 118.89 118.73 118.95 119.10 119.15 119.28 119.27 119.29 119.25 118.91 118.93 119.04 119.09 118.95 118.89 118.88 118.94 118.89 119.05 119.25 119.19 119.15 119.04 118.82 119.10
119.85 119.89 119.98 119.92 119.93 119.82 119.64 119.62 119.65 119.56 119.51 119.34 119.32 119.35 119.13 119.08 119.13 119.03 119.29 119.27 119.64 119.56 119.68 119.70 119.68 119.69 119.68 119.61 119.63 119.64 119.61 119.57 119.55 119.51 119.47 119.34 119.46 119.43 119.17 119.22 119.33 119.60 119.87 119.90 119.08 118.96 118.91 118.89 119.08 119.25 119.25 119.25 119.31 119.36 119.17 118.94 119.03 119.14 118.99 119.01 118.96 119.05 118.94 118.91 118.94 119.10 118.97 118.99 118.78 119.32 119.30
119.90 119.83 119.94 119.92 119.90 119.83 119.56 119.61 119.58 119.42 119.45 119.42 119.38 119.32 119.42 119.07 119.09 119.08 119.08 119.24 119.55 119.69 119.71 119.65 119.65 119.45 119.44 119.52 119.61 119.65 119.65 119.60 119.54 119.44 119.43 119.32 119.29 119.22 119.15 119.34 119.48 119.77 119.99 119.84 118.81 119.00 118.88 118.96 119.15 119.18 119.25 119.29 119.27 119.14 119.09 119.02 119.10 119.06 119.00 119.04 119.01 119.08 119.01 119.13 119.07 119.02 119.02 119.06 119.12 119.22 119.26
119.77 119.79 119.95 119.92 119.90 119.73 119.48 119.51 119.47 119.38 119.41 119.26 119.42 119.17 119.13 118.98 119.16 119.17 119.04 119.33 119.30 119.62 119.60 119.47 119.44 119.38 119.48 119.38 119.37 119.40 119.47 119.53 119.49 119.44 119.42 119.39 119.29 119.25 119.21 119.69 120.05 119.86 119.96 119.52 118.97 118.99 118.84 119.02 119.24 119.20 119.24 119.28 119.26 119.18 119.11 119.12 119.16 119.07 119.07 119.10 119.01 119.02 119.03 119.11 119.13 119.19 119.11 119.18 119.24 119.36 119.26
119.74 119.74 119.83 119.81 119.82 119.77 119.41 119.36 119.34 119.35 119.24 119.11 119.12 119.09 119.12 119.16 119.09 119.18 119.17 119.15 119.28 119.33 119.37 119.36 119.42 119.37 119.43 119.44 119.50 119.54 119.58 119.67 119.62 119.58 119.49 119.54 119.38 119.24 119.53 119.68 119.80 120.04 119.91 119.02 119.05 118.97 118.95 119.08 119.31 119.36 119.32 119.35 119.21 119.19 119.13 119.24 119.13 119.11 119.14 119.03 119.05 119.04 119.18 119.12 119.09 119.09 119.09 119.12 119.34 119.35 119.18
119.65 119.74 119.79 119.73 119.70 119.62 119.26 119.27 119.15 119.00 119.14 119.12 119.14 119.13 119.03 119.14 119.15 119.08 119.21 119.02 119.28 119.30 119.26 119.44 119.47 119.58 119.62 119.57 119.70 119.81 119.70 119.70 119.79 119.78 119.71 119.58 119.43 119.25 119.51 119.54 119.80 119.94 119.84 118.94 119.15 118.91 119.04 119.26 119.37 119.36 119.35 119.26 119.20 119.13 119.24 119.32 119.33 119.19 119.05 119.07 119.04 119.10 119.13 119.17 119.11 119.19 119.15 119.14 119.17 119.17 119.14
119.61 119.61 119.52 119.45 119.32 119.17 119.07 119.16 119.19 119.17 119.10 119.07 119.14 119.24 119.36 119.47 119.41 119.13 119.23 119.18 119.12 119.30 119.44 119.53 119.58 119.66 119.72 120.08 120.29 120.39 119.82 120.19 119.74 119.81 119.70 119.58 119.45 119.26 119.60 119.78 119.97 119.93 119.54 119.06 119.09 118.91 119.12 119.28 119.32 119.32 119.32 119.25 119.23 119.20 119.37 119.46 119.33 119.29 119.04 119.16 119.08 119.03 119.07 119.19 119.18 119.28 119.25 119.29 119.22 119.13 119.15
119.48 119.30 119.21 119.16 119.18 119.16 119.18 119.09 119.17 119.16 119.20 119.41 119.42 119.47 119.53 119.62 119.45 119.21 119.19 119.25 119.18 119.42 119.35 119.57 119.74 119.88 119.84 120.45 120.40 120.34 120.28 120.05 119.59 119.67 119.58 119.47 119.41 119.31 119.51 119.79 119.97 119.89 119.09 119.13 119.08 119.08 119.21 119.21 119.20 119.23 119.28 119.27 119.35 119.28 119.40 119.37 119.30 119.33 119.10 119.23 118.99 119.11 119.04 118.89 118.97 119.17 119.21 119.23 119.22 119.17 119.20
119.20 119.26 119.25 119.21 119.13 119.13 119.24 119.29 119.35 119.50 119.43 119.65 119.69 119.78 119.73 119.83 119.56 119.39 119.15 119.31 119.22 119.37 119.33 119.41 119.41 119.69 119.62 120.00 119.89 119.82 119.76 119.66 119.41 119.54 119.46 119.40 119.34 119.27 119.36 119.79 119.82 119.76 119.09 119.18 119.05 119.13 119.23 119.24 119.23 119.13 119.14 119.17 119.19 119.32 119.35 119.25 119.34 118.85 119.29 119.21 119.12 119.19 119.12 119.18 119.10 119.02 119.08 119.10 119.08 119.18 119.18
119.23 119.19 119.20 119.17 119.29 119.30 119.43 119.44 119.50 119.57 120.07 119.70 119.80 119.95 119.97 119.96 119.78 119.47 119.22 119.25 119.30 119.25 119.40 119.44 119.31 119.51 119.42 119.56 119.40 119.40 119.37 119.32 119.33 119.29 119.28 119.27 119.21 119.16 119.22 119.23 119.16 119.06 119.19 119.18 119.10 119.19 119.22 119.21 119.26 119.28 119.16 119.06 119.10 119.14 119.27 119.26 119.20 119.20 119.19 118.92 119.14 119.19 119.16 119.19 119.21 119.30 119.22 119.20 119.16 119.03 119.09
119.25 119.08 119.16 119.21 119.34 119.39 119.62 119.66 119.61 119.68 120.35 119.82 119.95 120.09 120.08 119.92 119.76 119.62 119.44 119.17 119.33 119.22 119.39 119.41 119.40 119.33 119.18 119.26 119.32 119.36 119.37 119.35 119.34 119.32 119.30 119.30 119.26 119.24 119.22 119.22 119.21 119.22 119.20 119.13 119.10 119.22 119.14 119.14 119.22 119.22 119.13 119.21 119.12 119.00 119.06 119.15 119.15 119.21 119.26 119.21 119.18 119.15 119.13 119.16 119.21 119.22 119.33 119.23 119.22 119.33 119.16
119.28 119.33 119.17 119.18 119.47 119.45 119.66 119.82 119.82 119.79 120.29 120.14 120.18 120.27 120.37 119.64 119.52 119.41 119.53 119.25 119.27 119.34 119.32 119.27 119.30 119.37 119.37 119.33 119.29 119.34 119.32 119.29 119.25 119.20 119.14 119.20 119.19 119.18 119.20 119.25 119.22 119.29 119.27 119.19 119.12 119.17 119.25 119.13 119.17 119.09 119.16 119.13 119.12 119.16 119.19 119.24 119.13 119.08 119.17 119.19 119.16 119.13 119.12 119.12 119.17 119.24 119.25 119.21 119.20 119.26 119.21
119.50 119.42 119.14 119.13 119.32 119.31 119.63 119.90 119.92 120.30 120.24 120.55 120.44 120.52 120.60 119.41 119.09 118.97 119.36 119.42 119.18 119.39 119.45 119.41 119.35 119.33 119.22 119.35 119.42 119.48 119.48 119.54 119.56 119.63 119.55 119.52 119.50 119.49 119.36 119.20 119.25 119.29 119.29 119.23 119.19 119.03 119.09 119.09 119.12 119.04 119.17 119.16 119.23 119.13 119.25 119.33 119.23 119.15 119.12 119.05 119.11 119.11 119.16 119.16 119.09 119.19 119.21 119.20 119.21 119.19 119.21
119.42 119.34 119.12 119.21 119.32 119.49 119.65 119.97 120.10 120.55 120.48 120.79 120.67 120.78 120.87 120.98 118.71 118.71 119.27 119.48 119.29 119.36 119.46 119.39 119.43 119.60 119.58 119.65 119.68 119.64 119.65 119.65 119.66 119.65 119.64 119.62 119.67 119.58 119.37 119.18 119.27 119.22 119.13 119.03 119.14 119.15 119.10 118.99 119.08 119.07 119.15 119.10 119.16 119.16 119.28 119.23 119.25 119.26 119.23 119.08 119.00 118.97 119.01 119.07 119.02 119.11 119.16 119.16 119.18 119.16 119.18
119.50 119.37 119.41 119.23 119.27 119.43 119.66 119.82 120.27 120.51 120.73 120.67 120.92 121.03 121.18 121.17 120.87 120.14 119.78 119.61 119.33 119.21 119.42 119.41 119.45 119.63 119.67 119.67 119.65 119.59 119.61 119.64 119.84 119.70 119.69 119.68 119.68 119.58 119.32 119.27 119.33 119.12 119.29 119.34 119.11 119.03 119.14 119.13 119.05 118.92 119.02 119.11 119.15 119.19 119.18 119.20 119.27 119.20 119.24 119.26 119.21 119.01 118.91 118.93 119.03 119.12 119.02 118.99 119.25 119.11 119.09
119.54 119.43 119.35 119.22 119.23 119.41 119.59 119.95 120.40 120.77 120.95 120.90 121.15 121.27 121.38 120.75 120.36 120.17 120.00 119.79 119.35 119.28 119.35 119.45 119.34 119.53 119.61 119.63 119.59 119.69 119.66 119.68 119.71 120.00 119.73 119.71 119.70 119.39 119.25 119.33 119.31 119.28 119.38 119.53 119.65 119.14 119.07 118.91 119.06 119.06 119.01 118.91 118.96 119.09 119.12 119.13 119.19 119.13 119.24 119.20 119.19 119.21 119.15 119.01 118.94 118.95 119.01 119.09 118.99 119.01 119.09
119.51 119.51 119.46 119.23 119.29 119.37 120.13 120.07 120.52 120.97 121.19 121.14 121.04 121.04 120.53 120.51 120.52 120.61 120.54 120.48 119.55 119.44 119.25 119.43 119.43 119.46 119.55 119.68 119.71 119.85 119.71 119.69 119.76 119.77 119.74 119.73 119.70 119.34 119.32 119.37 119.22 119.39 119.48 119.52 119.34 119.13 119.14 119.14 119.05 118.86 119.02 119.04 119.02 118.92 118.99 119.11 119.14 119.13 119.18 119.15 119.14 119.18 119.14 119.14 119.11 119.05 119.01 118.85 118.94 119.01 119.07
119.60 119.55 119.48 119.33 119.34 119.38 120.69 119.94 120.39 120.85 121.27 121.07 120.49 120.53 120.58 120.61 120.65 120.69 120.70 120.29 119.68 119.53 119.39 119.34 119.48 119.38 119.53 119.61 119.84 119.76 119.74 119.74 119.94 120.70 120.11 119.64 119.43 119.28 119.35 119.33 119.38 119.44 119.57 119.46 119.16 119.15 119.26 119.29 119.16 119.14 119.09 118.84 118.98 119.04 119.04 118.94 118.98 119.08 119.11 119.14 119.06 119.11 119.12 119.11 119.11 119.10 119.40 119.04 118.92 118.97 119.06
119.64 119.52 119.60 119.47 119.39 119.32 119.46 120.77 120.85 120.78 120.46 120.52 120.56 120.61 120.67 120.67 120.73 120.74 120.89 120.86 120.83 120.65 119.47 119.33 119.49 119.49 119.49 119.59 119.71 119.59 119.72 119.80 121.62 121.51 119.85 119.64 119.41 119.39 119.41 119.27 119.41 119.50 119.58 119.39 119.22 119.24 119.30 119.26 119.17 118.62 119.19 119.15 119.06 118.97 119.01 119.06 119.05 118.91 118.99 119.06 119.16 119.08 119.09 119.09 119.11 119.11 119.61 119.09 119.07 119.08 119.10
119.66 119.56 119.52 119.51 119.33 119.36 119.43 120.73 120.65 120.21 120.47 120.59 120.65 120.77 120.74 120.72 120.78 120.77 120.81 120.83 120.94 120.29 119.55 119.50 119.40 119.55 119.53 119.53 119.62 119.75 119.75 120.48 121.83 121.11 119.72 119.50 119.26 119.44 119.39 119.43 119.51 119.52 119.51 119.23 119.19 119.33 119.30 119.25 119.17 119.23 119.18 119.20 119.19 119.14 119.08 118.90 119.00 119.04 119.01 118.91 118.97 119.04 119.07 119.11 119.17 119.18 119.07 119.09 119.06 119.23 119.30
119.68 119.61 119.51 119.48 119.38 119.45 119.38 119.57 119.95 120.38 120.77 120.66 120.78 120.80 120.74 120.72 120.73 120.77 120.79 120.80 121.03 120.43 120.10 119.59 119.40 119.61 119.57 119.51 119.62 119.77 119.76 120.06 120.99 119.96 119.73 119.42 119.43 119.46 119.25 119.50 119.53 119.57 119.48 119.31 119.32 119.47 119.47 119.29 119.18 119.15 119.23 119.22 119.23 119.14 119.21 119.14 119.04 118.86 118.97 119.03 119.00 118.93 119.01 119.06 119.16 119.17 119.12 119.12 119.10 119.32 119.47
119.68 119.63 119.57 119.56 119.36 119.45 119.37 119.44 120.40 120.64 120.68 120.74 120.75 120.83 120.73 120.72 120.68 120.73 120.80 120.73 121.01 120.48 120.16 119.60 119.56 119.39 119.56 119.52 119.56 119.69 119.75 119.80 119.89 119.79 119.55 119.33 119.50 119.47 119.53 119.55 119.59 119.55 119.34 119.31 119.45 119.55 119.36 119.19 119.14 119.14 119.19 119.27 119.13 119.05 119.23 119.24 119.19 119.06 119.06 118.96 118.95 119.02 119.03 118.91 119.03 119.11 119.11 119.11 119.19 119.27 119.35
119.81 119.59 119.56 119.44 119.46 119.50 119.49 119.41 120.22 120.45 120.31 120.76 120.77 120.80 120.74 120.69 120.68 120.71 120.81 120.85 120.76 120.65 120.66 120.73 119.88 119.50 119.45 119.59 119.49 119.62 119.73 119.76 119.80 119.79 119.50 119.48 119.55 119.37 119.54 119.57 119.57 119.53 119.38 119.40 119.16 119.11 119.25 119.24 119.19 119.20 119.13 119.32 119.12 119.21 119.28 119.34 119.11 119.38 119.66 119.19 119.09 118.92 118.96 119.00 119.01 118.93 118.99 119.07 119.10 119.14 119.22
