sem5/geodane/nmtwroc/73679_1014208_M-33-35-C-a-3-4.asc
ncols         450
nrows         475
xllcenter     362150
yllcenter     359180
cellsize      5
nodata_value  -9999
[rows 256 to 287 of 475, columns 284 to 354 of 450]
120.78 120.75 120.75 120.74 120.78 120.83 120.83 120.78 120.84 120.64 120.58 120.82 120.84 120.81 120.88 121.10 120.94 121.04 121.51 121.15 120.64 120.67 120.88 120.75 120.79 120.76 120.74 120.89 120.97 120.82 120.98 120.98 120.88 120.75 120.60 120.63 120.70 120.68 120.72 120.74 120.75 120.64 120.65 120.67 121.03 120.83 120.74 120.74 120.77 120.67 120.63 120.71 120.56 120.51 120.86 120.89 120.93 120.74 120.85 120.88 120.94 120.97 120.97 120.96 120.96 120.96 120.95 120.91 121.05 121.11 120.94
120.74 120.81 120.86 120.76 120.74 120.82 120.73 120.82 120.81 120.73 120.70 120.54 120.86 120.84 120.84 120.87 121.00 120.98 121.02 121.11 121.10 120.61 120.61 120.95 120.71 120.73 120.73 120.68 120.77 120.86 120.80 120.95 121.00 120.94 120.90 121.15 120.70 120.62 120.65 120.72 120.73 120.69 120.63 120.68 120.69 120.98 120.91 120.62 120.81 120.79 120.65 120.68 120.71 120.80 120.78 120.79 120.90 120.92 120.72 120.78 121.12 120.92 121.19 121.27 120.86 120.93 120.91 120.88 120.97 120.91 120.82
120.76 120.78 120.83 120.78 120.71 120.84 120.77 120.71 120.83 120.82 120.83 120.91 120.51 120.80 120.72 120.83 120.77 120.79 121.10 120.96 121.26 121.00 120.69 120.55 120.84 120.70 120.74 120.68 120.78 120.78 120.88 120.88 120.82 121.01 120.89 120.91 120.99 121.48 120.74 120.63 120.64 120.71 120.75 120.69 120.64 120.68 120.95 120.98 120.68 120.80 120.80 120.64 120.63 120.69 120.73 120.76 120.80 120.94 120.83 120.83 120.87 120.97 121.03 121.25 121.05 120.93 120.94 120.87 120.91 120.88 120.86
120.87 120.71 120.77 120.84 120.75 120.72 120.71 120.70 120.81 120.80 120.82 120.76 120.81 120.59 120.76 120.81 120.83 120.73 120.85 121.01 120.93 120.86 120.81 120.59 120.53 120.78 120.70 120.67 120.68 120.72 120.71 120.91 120.89 120.81 120.97 121.02 120.86 120.90 121.56 121.84 120.62 120.63 120.65 120.65 120.76 120.60 120.64 120.96 121.06 120.66 120.74 120.78 120.58 120.64 120.71 120.69 120.72 120.81 120.83 120.86 120.82 121.04 120.90 121.00 120.99 120.73 120.94 120.91 120.90 120.97 121.01
120.77 120.72 120.65 120.80 120.75 120.80 120.77 120.72 120.78 120.83 120.73 120.85 120.78 120.78 120.72 120.53 120.84 120.76 120.82 120.81 121.04 120.93 120.83 120.84 120.57 120.51 120.69 120.70 120.63 120.77 120.73 120.73 120.72 120.88 120.86 120.86 121.00 120.88 120.96 121.05 121.36 122.45 120.99 120.56 120.63 120.67 120.64 120.65 120.82 121.02 120.67 120.79 120.79 120.60 120.67 120.71 120.72 120.76 120.81 120.77 120.90 120.82 120.92 121.02 121.07 120.90 120.97 120.93 120.91 120.95 121.03
120.80 120.74 120.65 120.81 120.79 120.78 120.85 120.81 120.71 120.77 120.80 120.80 120.84 120.78 120.80 120.85 120.48 120.67 120.75 120.83 120.77 120.87 120.97 120.87 120.71 120.60 120.57 120.57 120.97 120.70 120.77 120.70 120.72 120.74 120.92 120.94 120.81 121.00 121.01 120.89 120.85 122.06 122.15 121.42 121.03 120.63 120.67 120.62 120.64 120.75 121.01 120.76 120.76 120.80 120.63 120.69 120.74 120.72 120.75 120.82 120.75 120.83 120.83 120.96 121.06 121.09 120.74 120.90 120.88 120.91 120.89
120.83 120.78 120.72 120.61 120.83 120.83 120.76 120.87 120.79 120.76 120.77 120.75 120.88 120.76 120.74 120.77 120.84 120.54 120.70 120.79 120.83 120.77 120.83 120.98 120.83 120.78 120.86 120.88 120.59 120.87 120.68 120.74 120.74 120.75 120.72 120.75 120.93 120.81 120.91 120.96 120.90 121.00 121.49 121.22 121.14 121.22 120.94 120.64 120.58 120.66 120.74 120.97 120.79 120.78 120.79 120.68 120.76 120.71 120.71 120.75 120.82 120.77 120.82 120.90 121.13 121.05 120.82 120.96 120.94 120.88 120.87
120.86 120.80 120.76 120.80 120.70 120.78 120.73 120.78 120.80 120.79 120.77 120.78 120.75 120.82 120.78 120.82 120.78 120.74 120.66 120.56 120.71 120.83 120.78 120.73 120.93 120.98 120.66 121.12 121.08 120.54 121.05 120.68 120.74 120.78 120.68 120.77 120.76 120.90 120.97 120.79 120.96 121.02 120.91 120.80 121.32 121.21 121.31 121.30 120.68 120.60 120.68 120.74 120.93 120.84 120.74 120.79 120.72 120.72 120.66 120.67 120.74 120.89 120.78 120.80 121.11 121.11 121.08 120.77 120.99 120.90 120.85
120.89 120.86 120.85 120.79 120.70 120.68 120.66 120.80 120.72 120.83 120.79 120.79 120.72 120.73 120.79 120.80 120.81 120.80 120.80 120.82 120.58 120.86 120.76 120.82 120.82 120.82 121.00 120.83 121.31 121.08 120.61 120.85 120.63 120.76 120.78 120.75 120.81 120.71 120.85 120.90 120.78 120.96 121.07 120.90 120.89 121.37 121.25 121.20 121.76 120.90 120.60 120.65 120.69 120.95 120.74 120.77 120.79 120.72 120.73 120.68 120.67 120.71 120.84 120.77 120.77 121.02 121.09 120.91 120.91 120.97 120.86
120.88 120.84 120.85 120.70 120.85 120.80 120.69 120.60 120.85 120.81 120.77 120.84 120.78 120.68 120.77 120.74 120.86 120.81 120.79 120.81 120.86 120.67 120.83 120.79 120.76 120.74 120.87 120.84 121.16 121.20 121.20 120.72 120.66 120.76 120.80 120.75 120.76 120.73 120.76 120.77 120.88 120.85 120.78 121.00 120.83 120.98 121.02 121.34 121.37 121.16 120.98 120.66 120.69 120.69 120.92 120.78 120.76 120.79 120.71 120.69 120.65 120.65 120.91 120.83 120.78 120.73 121.13 121.09 120.74 120.98 120.93
120.83 120.83 120.78 120.76 120.77 120.90 120.77 120.73 120.66 120.78 120.73 120.74 120.80 120.76 120.75 120.79 120.78 120.84 120.82 120.85 120.84 120.78 120.65 120.70 120.76 120.83 120.77 120.78 120.68 121.09 121.24 121.36 120.89 120.68 120.95 120.70 120.78 120.81 120.75 120.74 120.73 120.88 120.95 120.80 120.99 121.01 120.91 120.92 121.17 121.19 121.10 121.02 120.92 120.66 120.65 120.95 120.80 120.80 120.78 120.75 120.72 120.72 120.65 120.87 120.83 120.80 120.85 121.17 120.98 120.75 120.96
120.83 120.86 120.85 120.83 120.78 120.89 120.89 120.79 120.71 120.70 120.68 120.79 120.74 120.78 120.77 120.74 120.76 120.77 120.75 120.77 120.84 120.80 120.78 120.81 120.59 120.80 120.83 120.77 120.74 120.68 120.90 121.23 121.40 121.04 120.60 121.14 120.69 120.88 120.73 120.78 120.78 120.79 120.74 120.85 120.77 120.87 121.03 120.90 120.91 121.04 121.15 121.42 121.14 120.95 120.68 120.66 120.93 120.84 120.78 120.81 120.77 120.76 120.69 120.68 120.92 120.60 120.75 120.92 121.02 120.93 120.87
120.62 120.87 120.80 120.84 120.87 120.81 120.84 120.88 120.85 120.73 120.69 120.58 120.82 120.80 120.79 120.82 120.76 120.73 120.84 120.75 120.86 120.77 120.86 120.83 120.87 120.67 120.78 120.87 120.83 120.70 120.68 120.88 121.38 121.25 121.10 120.68 120.84 120.71 120.85 120.80 120.79 120.74 120.79 120.76 120.87 120.88 120.83 120.96 120.87 121.00 121.93 121.10 121.44 121.07 120.91 120.77 120.66 120.95 120.88 120.76 120.78 120.81 120.71 120.72 120.73 120.89 120.80 120.77 120.92 121.11 120.86
120.63 120.62 120.68 120.82 120.87 120.85 120.82 120.84 120.89 120.80 120.71 120.76 120.64 120.75 120.71 120.81 120.77 120.78 120.77 120.82 120.71 120.80 120.82 120.83 120.83 120.79 120.69 120.67 120.74 120.76 120.74 120.67 120.64 121.29 121.31 121.28 120.77 120.62 120.75 120.78 120.79 120.80 120.76 120.80 120.75 120.87 120.97 120.79 120.99 120.81 120.89 121.18 121.69 121.14 121.01 121.00 120.86 120.71 120.94 120.91 120.70 120.79 120.78 120.78 120.71 120.74 120.82 120.77 120.75 120.93 121.00
121.00 120.68 120.63 120.64 120.87 120.82 120.87 120.84 120.78 120.86 120.86 120.80 120.70 120.74 120.70 120.79 120.77 120.80 120.84 120.76 120.81 120.76 120.82 120.78 120.81 120.88 120.71 120.85 120.54 120.83 120.85 120.69 120.70 120.68 121.29 121.32 121.34 121.04 120.58 120.83 120.74 120.79 120.78 120.87 120.81 120.74 120.80 120.89 120.85 120.97 121.00 120.84 121.09 121.09 121.06 120.91 120.93 120.83 120.67 120.92 120.94 120.73 120.72 120.74 120.74 120.72 120.78 120.82 120.77 120.74 120.88
120.74 120.92 120.70 120.62 120.62 120.89 120.87 120.76 120.84 120.82 120.86 120.81 120.86 120.78 120.80 120.64 120.81 120.80 120.72 120.84 120.80 120.75 120.81 120.75 120.88 120.79 120.87 120.80 120.76 120.55 120.78 120.79 120.66 120.62 120.66 121.30 121.36 121.39 121.16 120.65 120.78 120.68 120.78 120.81 120.87 120.77 120.76 120.66 120.84 120.80 120.87 121.00 120.85 121.00 121.13 121.01 120.88 120.94 120.87 120.68 120.88 120.92 120.77 120.73 120.73 120.74 120.68 120.77 120.85 120.79 120.75
120.75 120.96 121.01 120.90 120.60 120.56 120.61 120.93 120.84 120.80 120.84 120.89 120.91 120.88 120.84 120.80 120.63 120.73 120.78 120.77 120.84 120.73 120.72 120.80 120.72 120.82 120.85 120.86 120.81 120.74 120.57 120.75 120.73 120.73 120.58 120.64 120.99 121.38 121.37 121.35 120.76 120.71 120.73 120.89 120.64 120.78 120.77 120.78 120.74 120.86 120.81 120.89 120.94 120.80 120.92 121.05 121.03 121.02 120.85 120.89 120.67 120.85 120.89 120.75 120.73 120.77 120.73 120.65 120.80 120.84 120.81
120.75 120.82 120.87 121.03 121.07 120.63 120.59 120.60 120.84 120.82 120.73 120.82 120.84 120.90 120.90 120.74 120.71 120.78 120.73 120.78 120.74 120.84 120.84 120.71 120.72 120.78 120.76 120.79 120.81 120.81 120.73 120.74 120.60 120.76 120.74 120.65 120.64 120.51 121.39 121.42 121.32 120.94 120.67 120.74 120.76 120.77 120.83 120.78 120.80 120.77 120.88 120.92 120.82 120.94 120.71 120.88 120.93 121.07 121.07 120.86 120.85 120.69 120.82 120.88 120.75 120.78 120.75 120.75 120.74 120.84 120.81
120.83 120.85 121.04 121.06 121.08 121.10 120.64 120.58 120.55 120.62 120.81 120.77 120.86 120.82 120.76 120.77 120.86 120.73 120.75 120.63 120.84 120.75 120.81 120.81 120.79 120.71 120.80 120.80 120.83 120.75 120.83 120.82 120.81 120.59 120.75 120.76 120.77 120.66 120.61 121.44 121.37 121.25 121.13 120.60 120.80 120.73 120.83 120.75 120.82 120.81 120.75 120.83 120.93 120.80 120.98 120.92 120.84 120.87 121.04 121.03 120.90 120.86 120.72 120.86 120.87 120.75 120.72 120.69 120.79 120.75 120.80
120.85 120.84 120.98 121.10 121.07 121.08 120.94 120.75 120.63 120.56 120.60 120.81 120.78 120.73 120.80 120.81 120.81 120.84 120.78 120.71 120.63 120.83 120.82 120.80 120.84 120.73 120.74 120.73 120.71 120.82 120.86 120.83 120.81 120.80 120.59 120.88 120.78 120.73 120.68 120.68 121.24 121.36 121.24 121.20 120.62 120.78 120.81 120.80 120.72 120.80 120.84 120.80 120.68 120.84 120.81 120.93 120.99 120.87 120.85 120.94 121.05 120.84 120.85 120.72 120.75 120.85 120.77 120.76 120.73 120.81 120.77
120.77 120.88 121.00 121.11 121.09 121.08 120.21 120.22 120.58 120.68 120.67 120.59 120.62 120.78 120.79 120.81 120.77 120.79 120.87 120.76 120.74 120.75 120.79 120.81 120.84 120.82 120.81 120.75 120.77 120.79 120.85 120.78 120.85 120.85 120.83 120.66 120.50 120.79 120.74 120.79 120.62 120.84 121.23 121.27 121.21 120.87 120.64 120.85 120.83 120.78 120.76 120.82 120.78 120.65 120.81 120.81 120.81 120.92 120.83 120.93 120.92 121.08 120.86 120.86 120.77 120.70 120.86 120.74 120.72 120.75 120.80
120.98 120.77 120.94 121.05 121.08 120.28 120.20 120.22 120.19 120.14 120.84 120.67 120.69 120.60 120.88 120.76 120.75 120.78 120.72 120.81 120.86 120.84 120.81 120.67 120.87 120.79 120.75 120.84 120.81 120.66 120.83 120.77 120.87 120.90 120.79 120.83 120.76 120.50 120.82 120.78 120.74 120.62 120.69 121.34 121.37 121.13 121.01 120.68 120.78 120.77 120.79 120.77 120.85 120.74 120.77 120.81 120.85 120.77 120.89 120.88 120.89 120.94 121.06 120.99 120.84 120.71 120.75 120.86 120.78 120.73 120.76
120.89 120.81 120.80 120.87 121.00 120.20 120.21 120.22 120.20 120.15 120.13 120.71 120.75 120.69 120.62 120.74 120.81 120.80 120.75 120.71 120.87 120.81 120.78 120.76 120.67 120.76 120.83 120.79 120.81 120.81 120.76 120.82 120.72 120.88 120.85 120.84 120.83 120.73 120.48 120.70 120.76 120.81 120.58 120.70 121.32 121.17 121.06 120.98 120.67 120.90 120.80 120.89 120.73 120.83 120.79 120.79 120.87 120.85 120.74 120.96 120.85 120.80 120.88 120.86 121.02 120.84 120.71 120.73 120.83 120.84 120.81
120.91 120.88 120.74 120.76 120.81 120.94 120.19 120.18 120.20 120.14 120.13 120.19 120.88 120.74 120.71 120.67 120.64 120.84 120.81 120.74 120.82 120.73 120.84 120.85 120.77 120.71 120.73 120.76 120.82 120.90 120.79 120.75 120.79 120.75 120.83 120.81 120.82 120.82 120.81 120.52 120.49 120.82 120.88 120.64 120.58 121.00 121.04 121.03 120.98 120.70 120.78 120.82 120.82 120.84 120.80 120.84 120.76 120.77 120.83 120.77 120.99 120.99 120.87 120.76 120.92 121.07 120.89 120.69 120.77 120.84 120.86
120.87 120.82 120.86 120.84 120.69 120.84 120.87 120.60 120.17 120.15 120.14 120.84 120.91 120.91 120.71 120.73 120.68 120.63 120.78 120.82 120.87 120.75 120.75 120.87 120.81 120.74 120.70 120.70 120.85 120.85 120.82 120.87 120.83 120.72 120.80 120.78 120.83 120.81 120.84 120.87 120.78 120.59 120.81 120.79 120.71 120.63 120.61 120.83 120.99 120.96 120.75 120.68 120.74 120.80 120.82 120.76 120.84 120.77 120.71 120.80 120.80 121.00 120.94 120.84 120.83 120.88 120.87 120.89 120.79 120.83 120.89
120.67 120.74 120.84 120.87 120.80 120.58 120.72 120.82 121.01 120.13 120.42 121.04 120.98 121.04 121.16 120.73 120.67 120.67 120.65 120.66 120.81 120.79 120.79 120.87 120.80 120.81 120.78 120.68 120.72 120.91 120.84 120.77 120.83 120.81 120.66 120.81 120.76 120.82 120.79 120.84 120.78 120.72 120.69 120.75 120.77 120.73 120.77 120.79 120.73 120.96 120.85 120.67 120.66 120.95 120.81 120.85 120.89 120.86 120.80 120.73 120.80 120.79 120.96 120.93 120.74 120.84 120.86 120.84 120.89 120.77 120.77
120.76 120.69 120.76 120.79 120.93 120.82 120.62 120.71 120.80 120.90 120.97 120.88 121.11 121.04 121.08 121.03 120.64 120.68 120.65 120.71 120.66 120.83 120.73 120.87 120.87 120.79 120.81 120.73 120.73 120.72 120.84 120.82 120.82 120.83 120.74 120.78 120.74 120.83 120.83 120.83 120.85 120.77 120.77 120.72 120.77 120.72 120.69 120.86 120.61 120.62 120.64 120.75 120.81 120.68 120.87 120.87 120.91 120.83 120.90 120.84 120.84 120.79 120.86 120.80 120.94 120.70 120.80 120.86 120.93 120.85 120.73
120.78 120.81 120.67 120.77 120.82 120.95 120.77 120.75 120.71 120.82 120.86 120.90 120.83 120.93 121.01 121.02 121.01 120.62 120.67 120.64 120.67 120.62 120.57 120.81 120.83 120.86 120.79 120.83 120.80 120.73 120.72 120.74 120.79 120.79 120.76 120.81 120.82 120.68 120.82 120.86 120.82 120.85 120.74 120.73 120.79 120.77 120.62 120.74 120.77 120.68 120.68 120.92 120.81 120.75 120.70 120.87 120.78 120.96 120.82 120.91 120.90 120.75 120.83 120.89 120.77 120.96 120.88 120.79 120.83 120.90 120.89
120.79 120.79 120.77 120.69 120.84 120.85 120.83 120.77 120.87 120.89 120.84 120.75 120.75 120.79 120.91 121.03 121.09 121.06 120.64 120.69 120.82 120.74 120.73 120.62 120.83 120.81 120.87 120.69 120.77 120.85 120.79 120.72 120.71 120.81 120.85 120.76 120.78 120.85 120.72 120.85 120.78 120.81 120.83 120.84 120.69 120.75 120.77 120.55 120.62 120.88 120.65 120.70 120.95 120.95 120.75 120.82 120.71 120.91 120.88 120.87 120.83 120.89 120.77 120.74 120.83 120.72 120.85 120.96 120.84 120.81 120.78
120.90 120.77 120.80 120.81 120.68 120.81 120.86 120.86 120.90 120.82 120.82 120.71 120.75 120.78 120.89 120.96 120.96 120.97 120.92 120.67 120.67 120.68 120.65 120.68 120.65 120.75 120.81 120.96 120.84 120.81 120.66 120.76 120.77 120.73 120.83 120.80 120.80 120.81 120.80 120.75 120.75 120.75 120.80 120.80 120.69 120.72 120.83 120.77 120.60 120.89 120.91 120.61 120.62 120.90 121.32 120.91 120.86 120.68 120.96 120.87 120.90 120.77 120.85 120.80 120.69 120.82 120.78 120.77 120.93 120.83 120.87
121.66 120.81 120.74 120.85 120.83 120.65 120.78 120.78 120.82 120.79 120.73 120.87 120.60 120.59 120.73 120.85 120.94 120.91 120.96 120.97 120.62 120.69 120.68 120.76 120.68 120.78 120.62 120.86 120.84 120.97 121.01 120.63 120.76 120.73 120.71 120.76 120.81 120.81 120.82 120.85 120.78 120.73 120.77 120.81 120.76 121.02 120.76 120.76 120.76 120.57 120.87 120.98 120.75 120.70 120.82 120.94 121.09 120.94 120.73 120.98 120.87 120.89 120.85 120.86 120.78 120.76 120.77 120.83 120.76 120.91 120.73
120.83 120.95 120.76 120.76 120.79 120.72 120.65 120.73 120.81 120.77 120.74 120.75 120.92 120.66 120.58 120.73 120.72 120.87 120.98 120.95 121.03 120.65 120.61 120.58 120.78 120.71 120.71 120.65 120.74 120.91 120.87 121.28 121.02 120.88 120.69 120.77 120.70 120.87 120.81 120.80 120.88 120.84 120.73 120.79 120.78 120.84 120.85 120.75 120.72 120.80 120.53 120.84 120.93 120.84 120.76 120.80 121.10 121.17 121.20 120.71 120.89 120.91 120.93 120.82 120.89 120.83 120.82 120.78 120.88 120.65 120.94
