sem5/geodane/nmtwroc/73679_1014208_M-33-35-C-a-3-4.asc
ncols         450
nrows         475
xllcenter     362150
yllcenter     359180
cellsize      5
nodata_value  -9999
[rows 416 to 447 of 475, columns 213 to 283 of 450]
124.34 124.40 124.36 124.38 124.36 124.38 124.38 124.48 124.51 124.55 124.53 124.53 124.66 124.46 124.50 124.67 124.64 124.59 124.49 124.43 124.41 124.35 124.26 124.11 124.04 124.02 124.06 123.96 124.00 124.03 123.81 123.89 123.95 123.81 123.73 123.75 123.92 123.92 123.95 123.96 123.94 123.91 123.75 123.92 124.03 124.16 124.23 124.08 124.18 124.22 124.31 124.29 123.73 123.98 123.57 123.34 123.35 123.40 123.46 123.65 123.71 123.54 123.56 123.80 123.64 123.48 123.49 124.04 124.15 124.33 124.50
124.34 124.39 124.43 124.46 124.43 124.46 124.54 124.50 124.50 124.56 124.57 124.58 124.56 124.53 124.44 124.51 124.71 124.78 124.75 124.50 124.52 124.49 124.35 124.25 124.14 124.02 124.04 124.03 123.90 123.93 124.00 123.92 123.95 123.90 123.80 123.82 123.90 123.87 123.92 123.93 123.94 123.88 123.74 123.88 124.04 124.08 124.14 124.04 124.18 124.12 124.24 124.26 124.06 123.94 123.51 123.36 123.39 123.47 123.43 123.65 123.64 123.67 123.58 123.56 123.55 123.44 123.43 123.87 124.12 124.26 124.53
124.45 124.30 124.38 124.42 124.51 124.50 124.47 124.48 124.69 124.53 124.54 124.59 124.60 124.54 124.53 124.51 124.50 124.73 124.73 124.76 124.62 124.59 124.50 124.40 124.27 124.11 124.02 124.08 123.93 124.03 123.98 124.03 123.97 123.93 123.95 124.03 123.96 123.92 123.80 123.86 123.87 123.82 123.72 123.88 123.88 123.85 123.93 123.98 124.06 124.01 123.98 124.03 123.94 123.75 123.46 123.35 123.36 123.43 123.37 123.65 123.65 123.63 123.67 123.76 123.63 123.47 123.38 123.88 124.11 124.28 124.41
124.05 124.07 124.13 124.24 124.37 124.46 124.43 124.54 124.53 124.66 124.77 124.52 124.54 124.63 124.62 124.59 124.54 124.53 124.72 124.80 124.82 124.75 124.62 124.55 124.33 124.18 124.06 124.10 124.00 123.90 123.98 124.04 124.02 123.95 124.02 124.07 124.09 123.94 123.83 123.86 123.87 123.77 123.70 123.69 123.62 123.63 123.62 123.75 123.76 123.73 123.72 123.77 123.66 123.61 123.40 123.33 123.36 123.43 123.34 123.62 123.70 123.73 123.80 123.83 123.54 123.43 123.32 123.84 124.11 124.30 124.54
123.84 123.87 123.91 124.06 124.21 124.35 124.12 124.48 124.52 124.58 124.57 124.68 124.63 124.52 124.60 124.67 124.64 124.63 124.54 124.54 124.77 124.82 124.84 124.67 124.48 124.22 124.21 124.08 124.12 123.93 124.03 124.03 124.03 124.05 124.04 124.13 124.08 123.99 123.87 123.95 123.91 123.82 123.72 123.80 123.75 123.56 123.51 123.47 123.40 123.40 123.35 123.30 123.28 123.38 123.32 123.39 123.54 123.51 123.40 123.50 123.58 123.66 123.71 123.81 123.63 123.37 123.35 123.91 124.13 124.29 124.35
123.71 123.86 123.96 124.01 124.05 124.10 124.14 124.52 124.65 124.56 124.60 124.60 124.58 124.76 124.52 124.63 124.72 124.67 124.65 124.58 124.62 124.60 124.81 124.86 124.78 124.51 124.21 124.11 124.12 124.09 124.05 124.04 124.01 124.07 124.12 124.14 124.14 124.01 123.92 124.00 123.99 123.89 123.84 123.93 123.81 123.79 123.71 123.72 123.70 123.57 123.65 123.53 123.58 123.51 123.39 123.44 123.47 123.54 123.48 123.54 123.74 123.80 123.91 124.01 123.63 123.39 123.36 124.08 124.21 124.32 124.53
123.63 123.72 123.82 123.89 123.88 123.88 123.88 123.87 124.55 124.52 124.59 124.70 124.68 124.60 124.68 124.50 124.63 124.80 124.72 124.70 124.70 124.65 124.61 124.79 124.82 124.85 124.60 124.29 124.17 124.29 124.24 124.19 124.11 124.13 124.16 124.22 124.16 124.08 123.97 124.08 124.03 124.02 123.90 124.00 123.92 123.90 123.88 123.74 123.46 123.68 123.69 123.67 123.67 123.64 123.62 123.69 123.73 123.73 123.70 123.66 123.75 123.61 123.63 123.63 123.55 123.50 123.44 123.93 124.27 124.33 124.37
123.62 123.62 123.61 123.61 123.61 123.61 123.60 123.60 123.66 124.46 124.41 124.61 124.67 124.63 124.67 124.64 124.58 124.61 124.81 124.75 124.73 124.70 124.67 124.72 124.67 124.80 124.80 124.76 124.59 124.37 124.31 124.28 124.19 124.22 124.25 124.22 124.17 124.20 124.08 124.11 124.07 124.03 123.94 123.94 123.93 123.93 123.97 123.46 122.48 122.28 122.19 122.51 122.61 123.76 122.84 122.71 123.35 123.12 123.58 123.71 123.78 123.75 123.80 123.80 123.68 123.59 123.54 123.58 124.07 124.08 124.26
123.75 123.73 123.71 123.67 123.62 123.57 123.52 123.47 123.42 124.32 124.19 124.43 124.46 124.51 124.61 124.75 124.55 124.60 124.62 124.83 124.76 124.77 124.84 124.75 124.73 124.72 124.65 124.75 124.77 124.78 124.52 124.54 124.33 124.26 124.27 124.31 124.20 124.18 124.15 124.22 124.15 124.07 124.02 124.02 123.20 124.05 124.07 123.57 123.04 122.96 122.92 123.00 123.00 123.84 122.73 122.87 122.68 122.72 122.56 123.75 123.98 123.71 123.56 123.52 123.59 123.70 123.57 123.68 124.03 124.06 124.17
123.81 123.76 123.71 123.65 123.60 123.55 123.50 123.45 123.40 124.24 124.16 124.09 124.24 124.45 124.50 124.55 124.44 124.61 124.54 124.61 124.76 124.57 124.53 124.89 124.82 124.82 124.75 124.66 124.69 124.75 124.76 124.97 124.95 124.46 124.30 124.29 124.30 124.39 124.26 124.28 124.19 124.07 124.08 124.08 123.98 124.04 124.12 124.09 123.66 123.75 123.68 123.76 123.67 123.94 123.43 123.39 123.40 123.35 123.37 123.89 124.02 123.93 123.67 123.75 123.72 123.70 123.60 123.69 124.09 124.07 124.17
123.79 123.74 123.69 123.64 123.59 123.54 123.49 123.44 123.39 124.15 124.08 124.01 124.00 124.04 124.36 124.25 124.21 124.42 124.65 124.50 124.60 124.72 124.67 124.69 124.82 124.91 124.81 124.79 124.69 124.66 124.71 124.71 124.73 124.60 124.76 124.47 124.42 124.33 124.25 124.33 124.25 124.06 124.08 124.14 124.18 124.12 124.13 124.05 124.06 124.06 124.05 124.13 123.98 124.13 124.13 124.03 124.11 123.94 124.10 124.02 124.09 124.04 123.88 123.83 123.80 123.83 123.66 123.69 123.99 124.15 124.09
123.90 123.73 123.68 123.63 123.58 123.53 123.48 123.43 123.54 124.07 124.00 123.94 123.93 123.99 124.03 124.35 124.46 124.27 124.37 124.50 124.47 124.59 124.91 124.68 124.69 124.78 124.94 124.89 124.79 124.74 124.67 124.58 124.60 124.60 124.62 124.61 124.48 124.64 124.54 124.46 124.31 124.17 124.28 124.36 124.27 124.25 124.26 124.24 124.12 124.16 124.14 124.15 124.07 124.03 124.12 124.09 124.04 124.01 123.93 123.97 124.01 123.98 124.01 124.01 123.90 123.91 123.77 123.69 123.86 124.10 124.14
124.00 123.94 123.72 123.62 123.57 123.52 123.47 123.42 123.90 123.99 123.93 123.86 123.85 123.89 124.00 124.09 124.55 124.46 124.37 124.63 124.48 124.53 124.74 124.90 124.68 124.69 124.85 124.94 124.83 124.80 124.74 124.71 124.64 124.59 124.51 124.63 124.57 124.49 124.45 124.45 124.38 124.27 124.31 124.47 124.43 124.43 124.40 124.45 124.37 124.28 124.28 124.30 124.20 124.16 124.21 124.23 124.25 124.16 124.14 124.14 124.17 124.21 124.27 124.20 124.13 124.02 123.77 123.77 124.14 124.25 124.25
123.89 123.85 123.80 123.76 123.55 123.50 123.45 123.40 123.96 123.90 123.80 123.71 123.76 123.88 123.95 124.03 124.15 124.39 124.35 124.63 124.64 124.45 124.56 124.79 124.71 124.60 124.65 124.85 124.88 124.89 124.83 124.72 124.94 124.72 124.58 124.56 124.50 124.41 124.42 124.60 124.42 124.35 124.45 124.50 124.36 124.34 124.37 124.38 124.38 124.34 124.32 124.30 124.28 124.31 124.26 124.29 124.23 124.28 124.36 124.35 124.37 124.41 124.36 124.46 124.32 124.13 123.85 123.80 124.11 124.26 124.32
123.79 123.74 123.70 123.65 123.61 123.56 123.44 123.39 123.89 123.80 123.70 123.63 123.77 123.80 123.86 123.93 123.95 124.16 124.23 124.30 124.65 124.47 124.39 124.55 124.85 124.49 124.49 124.68 125.01 124.88 124.83 124.67 124.73 124.82 124.72 124.67 124.64 124.56 124.49 124.41 124.41 124.33 124.27 124.27 124.25 124.21 124.27 124.36 124.13 124.18 124.14 124.12 124.15 124.09 124.25 124.19 124.16 124.17 124.17 124.17 124.21 124.26 124.28 124.32 124.26 124.15 124.00 123.99 124.14 124.26 124.22
123.68 123.64 123.59 123.55 123.50 123.46 123.42 123.37 123.80 123.66 123.49 123.66 123.66 123.71 123.77 123.80 123.93 123.67 123.46 123.36 123.97 124.71 124.44 124.45 124.54 124.78 124.46 124.46 124.73 124.80 124.78 124.74 124.65 124.73 124.76 124.68 124.54 124.56 124.49 124.45 124.42 124.41 124.38 124.33 124.27 124.28 124.27 124.22 124.14 124.07 124.02 123.95 123.93 123.88 123.82 123.84 123.93 123.96 123.97 124.02 124.06 124.10 124.08 124.14 124.33 124.21 123.99 124.04 124.08 124.12 124.17
123.58 123.54 123.49 123.45 123.40 123.38 123.38 124.12 124.39 123.97 123.54 123.53 123.57 123.63 123.69 123.76 123.50 123.41 123.46 123.40 123.15 124.67 124.60 124.40 124.49 124.52 124.78 124.50 124.50 124.71 124.67 124.61 124.61 124.67 124.79 124.60 124.52 124.59 124.56 124.57 124.59 124.55 124.45 124.44 124.40 124.34 124.32 124.31 124.19 124.14 124.08 123.97 123.94 123.89 123.90 123.93 123.94 123.94 124.01 124.01 124.01 124.08 124.08 124.08 124.09 124.12 124.12 124.14 124.13 124.09 124.09
123.48 123.43 123.39 123.39 123.39 123.41 123.46 124.01 123.98 124.21 124.17 123.43 123.51 123.56 123.59 123.41 123.40 123.41 123.55 123.49 123.43 123.37 124.65 124.61 124.35 124.48 124.68 124.79 124.61 124.55 124.66 124.65 124.64 124.61 124.69 124.56 124.57 124.57 124.48 124.48 124.47 124.40 124.57 124.60 124.55 124.49 124.38 124.42 124.34 124.26 124.16 124.14 123.90 123.84 123.99 123.98 123.99 124.00 123.99 124.01 123.98 124.07 124.02 124.03 124.01 124.07 124.12 124.12 124.04 124.03 124.07
123.40 123.40 123.40 123.50 123.62 123.55 123.88 123.87 124.16 124.31 124.48 124.06 123.43 123.42 123.39 123.40 123.40 123.68 123.64 123.58 123.52 123.47 123.73 124.67 124.46 124.40 124.49 124.68 124.71 124.65 124.69 124.71 124.76 124.68 124.68 124.75 124.63 124.55 124.46 124.41 124.30 124.23 124.16 124.13 124.08 124.05 124.00 124.00 123.98 123.99 123.96 124.06 123.87 124.07 124.16 124.22 124.17 124.23 124.15 124.08 124.11 124.12 124.14 124.13 124.17 124.12 124.21 124.17 124.12 124.17 124.14
124.19 124.23 124.22 123.75 123.65 123.71 123.70 123.72 124.26 124.41 124.45 124.40 123.35 123.38 123.40 123.38 123.40 123.78 123.72 123.66 123.63 123.51 123.42 124.62 124.54 124.23 124.39 124.50 124.64 124.64 124.59 124.67 124.80 124.80 124.70 124.76 124.67 124.61 124.71 124.54 124.38 124.22 124.17 124.11 124.09 124.01 124.08 124.10 124.03 124.02 123.97 123.91 123.82 123.88 123.84 123.85 123.90 123.92 123.95 124.01 123.95 124.07 124.12 124.14 124.14 124.11 124.13 124.15 124.16 124.15 124.14
124.04 124.13 124.22 124.27 124.34 124.34 124.17 123.33 124.19 124.43 124.48 124.42 123.68 123.40 123.37 123.39 123.40 123.88 123.81 123.77 123.72 123.61 123.48 123.64 124.58 124.43 124.36 124.44 124.55 124.66 124.45 124.59 124.76 124.85 124.70 124.76 124.75 124.63 124.55 124.60 124.61 124.41 124.14 124.01 124.10 124.10 124.12 124.07 124.10 124.09 123.91 123.94 124.04 124.11 124.08 124.06 124.06 123.99 124.11 124.13 124.14 124.04 124.21 124.28 124.31 124.30 124.26 124.16 124.18 124.19 124.19
124.15 124.40 124.51 124.41 124.37 124.29 124.31 124.35 124.33 124.32 124.42 124.44 124.26 124.60 123.35 123.39 123.67 123.97 123.90 123.90 123.81 123.68 123.67 123.90 124.60 124.43 124.31 124.43 124.53 124.94 124.67 124.61 124.74 124.84 124.73 124.66 124.77 124.89 124.54 124.43 124.48 124.61 124.14 124.13 123.99 124.11 124.07 124.09 124.08 124.00 123.98 123.90 123.93 124.02 124.08 123.99 124.07 124.05 124.09 124.11 124.30 124.21 124.38 124.53 124.31 123.65 123.51 124.18 124.14 124.17 124.15
124.31 124.37 124.44 124.49 124.47 124.39 124.41 124.26 124.22 124.24 124.25 124.27 124.27 124.29 123.79 123.38 124.08 124.05 124.04 123.96 123.89 123.88 123.67 124.36 124.74 124.49 124.38 124.37 124.45 124.63 124.80 124.52 124.55 124.94 124.76 124.67 124.80 124.91 124.81 124.48 124.30 124.20 124.09 124.18 123.73 123.80 123.98 123.90 123.96 124.16 124.08 124.00 123.91 123.91 123.89 123.93 123.93 123.96 124.00 124.06 124.40 124.39 124.52 124.45 123.86 123.51 123.66 124.30 124.09 124.34 124.68
124.39 124.48 124.47 124.45 124.54 124.41 124.32 124.17 124.15 124.37 124.40 124.34 124.25 124.20 124.25 124.23 124.21 124.25 124.24 123.89 123.67 122.08 122.75 124.23 124.38 124.55 124.44 124.34 124.45 124.68 124.90 124.68 124.70 124.87 124.92 124.71 124.79 125.00 124.71 124.60 124.44 124.17 124.12 124.03 123.62 123.84 123.78 123.83 124.11 123.94 123.75 124.02 124.20 124.06 123.75 123.85 124.01 124.06 124.09 124.04 124.42 124.47 124.58 124.45 124.20 124.08 123.95 124.42 124.11 124.36 124.65
124.28 124.33 124.40 124.41 124.47 124.39 124.18 124.11 124.20 124.28 124.39 124.31 124.34 124.34 124.50 124.14 124.12 124.18 124.16 124.18 124.18 123.41 123.67 124.29 124.28 124.51 124.40 124.30 124.38 124.55 124.73 124.80 124.59 124.70 124.90 124.74 124.90 124.91 124.98 124.68 124.55 124.27 124.11 124.09 123.90 123.76 123.81 124.00 123.88 123.71 123.53 123.88 124.32 124.17 123.91 123.84 124.05 124.12 124.12 124.10 124.39 124.60 124.68 124.74 124.66 124.54 124.41 124.53 124.12 124.25 124.53
124.25 124.24 124.27 124.42 124.37 124.33 124.10 124.06 124.17 124.22 124.24 124.33 124.34 124.38 124.48 124.27 124.25 124.73 125.36 124.44 124.23 124.19 124.25 124.27 124.26 124.35 124.23 124.36 124.45 124.55 124.79 124.82 124.61 124.63 124.82 124.74 124.70 124.87 125.05 124.73 124.55 124.35 124.02 123.99 123.91 123.78 123.84 123.83 123.66 123.49 123.31 123.57 124.28 124.14 123.90 123.91 124.05 124.15 124.17 124.10 124.25 124.71 124.71 124.82 124.72 124.62 124.54 124.32 124.14 124.30 124.38
124.23 124.20 124.20 124.21 124.31 124.29 124.03 124.08 124.22 124.23 124.24 124.31 124.32 124.47 124.44 124.37 124.37 124.80 124.88 124.52 124.51 124.48 124.42 124.44 124.35 124.35 124.38 124.42 124.51 124.57 124.65 124.78 124.79 124.81 124.85 124.77 124.68 124.81 125.02 124.78 124.67 124.28 124.00 123.93 124.01 123.86 123.77 123.60 123.43 123.26 123.10 123.26 124.24 124.11 123.91 124.00 124.04 124.05 124.04 124.01 124.12 124.71 124.74 124.87 124.33 123.60 123.38 124.29 124.17 124.15 124.16
124.21 124.18 124.17 124.15 124.16 124.17 124.05 124.05 124.10 124.20 124.18 124.13 124.32 124.55 124.46 124.43 124.41 124.48 124.51 124.51 124.47 124.44 124.42 124.45 124.35 124.41 124.49 124.49 124.47 124.59 124.68 124.72 124.76 124.84 124.91 124.93 124.72 124.86 124.95 124.75 124.76 124.22 124.15 124.01 123.96 123.82 124.00 122.96 123.21 123.04 122.87 122.95 123.42 123.99 123.90 123.92 124.00 124.02 124.01 124.05 124.19 124.62 124.64 124.80 124.42 124.33 124.23 124.58 124.07 124.06 124.15
124.18 124.16 124.14 124.13 124.09 124.08 124.02 124.02 124.06 124.05 124.07 124.12 124.22 124.54 124.49 124.46 124.38 124.41 124.47 124.49 124.47 124.47 124.44 124.45 124.40 124.41 124.54 124.58 124.64 124.58 124.83 124.90 124.90 124.62 124.79 125.03 124.77 124.94 124.99 124.75 124.79 124.26 124.18 124.02 123.95 123.86 123.77 122.72 121.61 121.86 123.02 123.83 123.87 123.82 123.90 123.82 123.94 123.95 124.04 124.08 124.08 124.61 124.59 124.74 124.79 124.82 124.84 124.86 124.14 124.11 124.18
124.16 124.14 124.11 124.09 124.09 124.08 124.00 124.05 124.01 123.98 123.96 124.04 124.10 124.45 124.48 124.44 124.43 124.48 124.49 124.62 124.60 124.59 124.59 124.55 124.46 124.38 124.59 124.66 124.71 124.58 124.70 124.93 124.96 124.75 124.72 125.04 124.84 125.02 124.97 124.96 124.74 124.35 124.31 124.07 123.88 123.73 123.72 123.66 123.74 123.78 123.78 123.80 123.85 123.69 123.74 123.70 123.75 123.93 123.95 124.04 124.00 124.44 124.76 124.78 124.87 124.88 124.88 124.86 124.20 124.11 124.20
124.14 124.12 124.09 124.07 124.06 124.10 123.98 123.96 123.98 123.96 123.94 124.00 124.08 124.63 124.52 124.46 124.45 124.52 124.54 124.58 124.64 124.66 124.63 124.63 124.56 124.43 124.55 124.66 124.76 124.59 124.66 124.90 124.97 124.90 124.84 125.06 124.86 124.87 124.95 125.04 124.74 124.42 124.38 124.08 123.92 123.78 123.66 123.62 123.65 123.66 123.74 123.57 123.51 123.55 123.61 123.69 123.70 123.86 123.87 123.92 123.96 124.36 124.81 124.78 124.90 124.89 124.88 124.82 124.24 124.08 124.18
124.24 124.16 124.09 124.05 124.02 124.11 124.02 124.04 124.05 124.02 124.00 124.04 124.16 124.51 124.50 124.50 124.48 124.51 124.52 124.57 124.67 124.67 124.67 124.67 124.59 124.47 124.51 124.77 124.79 124.56 124.64 124.91 125.17 125.09 124.88 125.04 124.93 124.75 124.97 124.99 124.81 124.51 124.46 124.07 123.92 123.87 123.74 123.78 123.76 123.66 123.96 123.48 123.49 123.61 123.53 123.60 123.67 123.63 123.77 123.91 123.85 124.14 124.70 124.76 124.88 124.86 124.86 124.84 124.86 124.05 124.09
